A-K-A	219	87.314	49.813
A-K-C	200	82.140	42.717
A-K-D	225	107.06	50.560
A-K-E	213	99.617	45.972
A-K-F	206	86.276	40.853
A-K-G	222	104.44	48.897
A-K-H	207	81.327	51.373
A-K-I	210	85.257	44.285
A-K-K	217	102.16	47.421
A-K-L	215	94.730	47.324
A-K-M	192	83.372	44.602
A-K-N	228	95.027	53.180
A-K-P	208	93.564	46.697
A-K-Q	213	100.63	49.393
A-K-R	217	90.035	47.204
A-K-S	214	102.68	48.879
A-K-T	219	104.00	49.725
A-K-V	214	91.452	41.706
A-K-W	192	86.709	34.040
A-K-X	273	165.08	65.810
A-K-Y	207	88.745	40.897
C-K-A	208	94.735	40.221
C-K-C	165	100.40	44.836
C-K-D	206	96.394	46.126
C-K-E	204	99.454	41.474
C-K-F	189	78.467	46.519
C-K-G	221	106.42	42.803
C-K-H	204	109.41	48.242
C-K-I	177	79.658	48.240
C-K-K	200	92.379	41.024
C-K-L	204	95.444	51.022
C-K-M	193	85.538	46.676
C-K-N	223	129.11	48.370
C-K-P	199	70.929	40.402
C-K-Q	197	110.02	58.882
C-K-R	209	98.006	42.418
C-K-S	193	104.31	32.595
C-K-T	208	107.05	46.398
C-K-V	194	98.135	39.494
C-K-W	201	146.68	53.215
C-K-X	262	133.66	59.500
C-K-Y	213	95.788	49.510
D-K-A	226	89.481	48.248
D-K-C	196	90.443	43.847
D-K-D	231	110.44	42.603
D-K-E	220	106.40	49.250
D-K-F	209	71.254	45.060
D-K-G	205	113.40	41.243
D-K-H	215	102.44	42.149
D-K-I	210	87.666	45.671
D-K-K	223	101.02	54.202
D-K-L	217	94.576	46.898
D-K-M	189	90.050	39.367
D-K-N	218	112.85	50.055
D-K-P	195	89.917	44.655
D-K-Q	216	107.28	47.909
D-K-R	216	105.76	45.072
D-K-S	220	109.68	50.820
D-K-T	218	91.723	52.295
D-K-V	216	88.929	44.852
D-K-W	189	87.678	45.133
D-K-X	275	146.61	59.542
D-K-Y	198	102.93	47.172
E-K-A	217	99.882	42.455
E-K-C	195	103.62	38.931
E-K-D	224	109.58	44.737
E-K-E	210	112.59	46.390
E-K-F	216	91.231	42.407
E-K-G	218	112.90	45.866
E-K-H	199	107.31	47.939
E-K-I	204	86.614	43.800
E-K-K	210	99.878	45.913
E-K-L	201	96.682	45.971
E-K-M	217	88.278	46.327
E-K-N	219	109.53	46.879
E-K-P	203	100.60	44.584
E-K-Q	206	104.86	48.100
E-K-R	221	106.79	53.450
E-K-S	211	96.401	45.969
E-K-T	216	105.27	42.417
E-K-V	217	91.574	45.096
E-K-W	189	95.856	36.986
E-K-X	276	148.27	64.618
E-K-Y	201	99.096	44.082
F-K-A	209	88.428	52.392
F-K-C	197	87.136	36.187
F-K-D	208	99.888	43.614
F-K-E	216	99.030	41.991
F-K-F	212	81.775	45.028
F-K-G	220	102.82	48.510
F-K-H	208	91.853	35.015
F-K-I	204	93.489	43.761
F-K-K	201	95.321	47.186
F-K-L	212	91.016	44.128
F-K-M	186	88.276	46.376
F-K-N	221	102.36	45.116
F-K-P	196	93.454	41.837
F-K-Q	197	77.718	44.222
F-K-R	208	89.800	52.834
F-K-S	223	89.459	51.413
F-K-T	206	90.839	44.357
F-K-V	192	72.868	44.708
F-K-W	209	91.030	45.551
F-K-X	243	187.02	48.339
F-K-Y	197	94.364	46.841
G-K-A	219	95.340	47.692
G-K-C	210	110.56	47.130
G-K-D	227	104.18	43.889
G-K-E	218	111.78	47.627
G-K-F	207	87.402	49.244
G-K-G	226	104.85	51.969
G-K-H	218	108.16	56.900
G-K-I	216	88.741	41.981
G-K-K	219	100.89	41.637
G-K-L	220	87.435	46.199
G-K-M	204	98.204	41.315
G-K-N	224	102.06	47.616
G-K-P	214	96.582	41.373
G-K-Q	222	94.088	43.559
G-K-R	219	105.30	49.139
G-K-S	216	79.183	48.822
G-K-T	222	89.127	50.132
G-K-V	220	95.586	39.092
G-K-W	207	94.084	46.962
G-K-X	292	158.62	63.122
G-K-Y	216	86.909	41.919
H-K-A	190	108.76	50.550
H-K-C	195	107.66	51.063
H-K-D	220	120.48	49.348
H-K-E	202	103.92	40.788
H-K-F	207	72.704	60.855
H-K-G	211	103.66	46.792
H-K-H	209	113.68	41.645
H-K-I	197	88.287	42.527
H-K-K	208	105.03	50.539
H-K-L	209	102.20	47.972
H-K-M	187	89.798	47.740
H-K-N	204	101.97	42.696
H-K-P	185	88.046	57.414
H-K-Q	207	105.52	40.496
H-K-R	206	101.47	52.939
H-K-S	217	95.972	47.330
H-K-T	212	91.343	54.367
H-K-V	196	86.091	43.094
H-K-W	183	101.56	36.274
H-K-X	263	170.40	51.978
H-K-Y	184	89.770	32.420
I-K-A	205	85.799	44.335
I-K-C	190	90.100	47.430
I-K-D	202	89.104	46.489
I-K-E	205	91.547	45.511
I-K-F	204	84.287	47.158
I-K-G	213	96.649	50.545
I-K-H	197	91.675	45.299
I-K-I	200	78.590	41.530
I-K-K	211	93.795	44.849
I-K-L	203	74.936	48.114
I-K-M	192	86.682	41.098
I-K-N	216	88.967	45.189
I-K-P	204	74.424	43.210
I-K-Q	210	91.505	43.761
I-K-R	228	94.308	47.067
I-K-S	202	83.979	44.947
I-K-T	207	74.165	42.997
I-K-V	212	79.912	51.904
I-K-W	186	85.720	49.048
I-K-X	266	169.42	55.491
I-K-Y	192	83.959	36.971
K-K-A	217	98.799	48.643
K-K-C	205	96.781	54.700
K-K-D	224	119.77	43.757
K-K-E	219	119.20	38.782
K-K-F	202	97.465	42.152
K-K-G	223	102.98	46.411
K-K-H	208	114.38	39.229
K-K-I	215	97.013	41.374
K-K-K	210	102.91	40.059
K-K-L	207	98.408	44.397
K-K-M	196	100.46	40.815
K-K-N	216	109.15	51.667
K-K-P	201	99.160	42.348
K-K-Q	213	108.65	50.266
K-K-R	223	109.47	49.860
K-K-S	207	109.38	45.216
K-K-T	221	102.82	43.625
K-K-V	213	102.94	45.043
K-K-W	215	94.393	50.795
K-K-X	283	170.54	60.174
K-K-Y	204	107.10	38.895
L-K-A	217	93.890	46.822
L-K-C	199	72.566	45.359
L-K-D	224	101.05	43.184
L-K-E	224	96.745	42.587
L-K-F	206	84.030	42.386
L-K-G	212	101.58	43.851
L-K-H	201	96.182	41.204
L-K-I	212	87.362	42.519
L-K-K	217	90.318	43.682
L-K-L	213	87.922	45.789
L-K-M	211	89.312	54.182
L-K-N	211	98.474	42.363
L-K-P	201	89.541	41.270
L-K-Q	204	88.606	42.919
L-K-R	210	89.935	46.774
L-K-S	216	98.144	46.400
L-K-T	217	102.85	48.521
L-K-V	210	86.465	43.275
L-K-W	200	86.906	43.646
L-K-X	263	159.00	50.662
L-K-Y	190	82.623	44.763
M-K-A	204	82.733	44.133
M-K-C	197	85.986	50.351
M-K-D	226	82.650	57.925
M-K-E	202	91.262	46.378
M-K-F	198	63.134	42.431
M-K-G	218	98.274	48.328
M-K-H	191	113.08	39.370
M-K-I	185	70.091	42.295
M-K-K	206	94.389	48.289
M-K-L	196	79.387	46.863
M-K-M	211	82.555	49.879
M-K-N	202	90.286	42.581
M-K-P	185	89.743	43.303
M-K-Q	204	93.651	49.061
M-K-R	199	89.499	39.545
M-K-S	201	88.949	55.913
M-K-T	196	103.75	48.287
M-K-V	203	71.708	46.065
M-K-W	153	57.815	44.814
M-K-X	267	150.77	54.902
M-K-Y	200	92.144	50.654
N-K-A	228	92.096	45.277
N-K-C	187	85.594	36.277
N-K-D	219	115.77	42.992
N-K-E	211	109.52	46.156
N-K-F	212	85.241	42.171
N-K-G	212	101.20	55.401
N-K-H	213	110.05	47.062
N-K-I	212	82.982	49.894
N-K-K	213	103.01	48.844
N-K-L	211	85.256	48.093
N-K-M	195	90.752	39.362
N-K-N	225	96.179	54.394
N-K-P	183	79.978	37.437
N-K-Q	218	90.077	48.164
N-K-R	209	104.47	49.555
N-K-S	210	92.044	49.575
N-K-T	216	85.413	50.383
N-K-V	210	83.572	47.337
N-K-W	195	107.81	44.280
N-K-X	265	158.56	57.776
N-K-Y	193	76.659	47.174
P-K-A	216	109.17	48.219
P-K-C	208	128.56	38.183
P-K-D	227	122.35	52.581
P-K-E	220	118.35	47.551
P-K-F	207	96.252	52.715
P-K-G	222	120.60	51.029
P-K-H	218	110.09	47.874
P-K-I	212	88.981	45.350
P-K-K	217	116.70	48.548
P-K-L	216	97.919	49.062
P-K-M	213	92.066	35.709
P-K-N	226	119.64	46.936
P-K-P	209	94.946	55.750
P-K-Q	217	136.30	47.062
P-K-R	222	107.56	47.426
P-K-S	218	106.89	51.488
P-K-T	220	111.20	53.534
P-K-V	212	98.499	45.495
P-K-W	211	94.917	53.894
P-K-X	277	183.42	49.241
P-K-Y	213	109.77	44.757
Q-K-A	201	93.425	51.994
Q-K-C	194	73.247	58.517
Q-K-D	221	106.56	43.780
Q-K-E	208	108.13	43.075
Q-K-F	208	89.960	45.479
Q-K-G	223	108.04	49.679
Q-K-H	198	104.50	39.012
Q-K-I	208	89.309	42.985
Q-K-K	298	102.30	40.679
Q-K-L	209	94.882	46.531
Q-K-M	192	77.529	56.262
Q-K-N	210	97.628	48.345
Q-K-P	202	88.002	45.919
Q-K-Q	210	107.59	47.424
Q-K-R	202	101.41	39.445
Q-K-S	211	90.050	48.122
Q-K-T	195	86.775	42.537
Q-K-V	205	95.375	40.078
Q-K-W	196	70.018	50.955
Q-K-X	274	134.48	63.152
Q-K-Y	207	99.295	43.126
R-K-A	216	94.841	48.960
R-K-C	196	92.527	44.471
R-K-D	228	121.00	50.627
R-K-E	222	112.72	44.539
R-K-F	195	91.320	45.354
R-K-G	224	109.14	55.884
R-K-H	196	102.66	39.416
R-K-I	208	83.154	51.089
R-K-K	204	101.46	48.472
R-K-L	197	94.401	42.295
R-K-M	198	89.737	41.345
R-K-N	225	107.98	50.305
R-K-P	197	96.267	45.683
R-K-Q	210	112.73	42.627
R-K-R	208	107.56	43.611
R-K-S	214	96.674	48.485
R-K-T	229	90.361	54.189
R-K-V	210	92.580	44.482
R-K-W	205	92.570	44.151
R-K-X	263	145.35	61.732
R-K-Y	180	87.981	43.031
S-K-A	221	85.705	48.552
S-K-C	196	101.55	42.858
S-K-D	220	118.71	53.712
S-K-E	219	109.78	47.487
S-K-F	206	83.028	48.287
S-K-G	228	104.69	53.443
S-K-H	206	93.022	53.494
S-K-I	210	92.100	50.003
S-K-K	212	102.53	45.686
S-K-L	219	90.487	47.861
S-K-M	219	89.257	57.121
S-K-N	220	101.57	52.808
S-K-P	199	96.470	44.228
S-K-Q	220	103.39	45.948
S-K-R	222	104.77	49.494
S-K-S	210	100.42	48.695
S-K-T	224	98.071	52.418
S-K-V	212	91.035	47.684
S-K-W	215	92.749	43.091
S-K-X	271	155.57	55.507
S-K-Y	210	99.990	44.151
T-K-A	221	90.521	47.407
T-K-C	189	72.976	41.901
T-K-D	228	105.55	40.533
T-K-E	223	108.07	44.787
T-K-F	208	84.646	50.767
T-K-G	217	101.95	47.250
T-K-H	195	108.09	49.445
T-K-I	223	84.622	46.156
T-K-K	216	102.09	44.538
T-K-L	211	87.696	47.055
T-K-M	214	84.174	48.601
T-K-N	214	108.96	46.935
T-K-P	194	87.222	48.592
T-K-Q	218	103.24	55.001
T-K-R	209	85.784	51.843
T-K-S	219	97.700	46.395
T-K-T	228	92.320	50.331
T-K-V	204	87.163	44.428
T-K-W	205	103.95	45.674
T-K-X	272	140.89	58.204
T-K-Y	201	90.932	49.815
V-K-A	209	90.567	44.710
V-K-C	192	85.708	44.994
V-K-D	216	93.875	47.202
V-K-E	216	90.947	44.354
V-K-F	194	74.900	43.742
V-K-G	213	96.700	50.122
V-K-H	203	83.926	48.716
V-K-I	205	78.454	44.588
V-K-K	213	89.753	46.512
V-K-L	207	88.542	43.125
V-K-M	190	88.474	48.806
V-K-N	209	82.265	46.210
V-K-P	206	89.450	47.130
V-K-Q	205	80.613	47.242
V-K-R	205	90.381	41.459
V-K-S	204	87.036	46.115
V-K-T	209	82.129	51.239
V-K-V	204	77.252	43.600
V-K-W	198	95.614	47.371
V-K-X	274	161.81	51.173
V-K-Y	195	92.014	42.462
W-K-A	198	105.67	43.117
W-K-C	209	57.669	44.451
W-K-D	187	88.128	41.382
W-K-E	190	98.205	36.945
W-K-F	205	65.312	38.881
W-K-G	213	83.866	49.354
W-K-H	172	99.752	51.135
W-K-I	169	79.069	41.565
W-K-K	186	90.650	37.640
W-K-L	184	66.167	45.872
W-K-M	149	48.288	37.179
W-K-N	215	82.667	35.134
W-K-P	197	101.34	34.150
W-K-Q	186	99.705	42.153
W-K-R	218	111.23	53.986
W-K-S	207	92.393	35.818
W-K-T	215	94.981	43.226
W-K-V	191	81.174	51.325
W-K-W	173	82.738	42.786
W-K-X	232	148.92	48.268
W-K-Y	193	68.935	53.833
X-K-A	271	119.94	62.107
X-K-C	230	159.35	37.753
X-K-D	259	142.57	55.619
X-K-E	270	187.78	67.261
X-K-F	249	150.13	61.128
X-K-G	267	144.51	67.591
X-K-H	255	172.86	45.325
X-K-I	263	135.85	64.430
X-K-K	274	153.52	63.896
X-K-L	268	149.71	71.056
X-K-M	251	178.59	56.638
X-K-N	251	135.95	49.365
X-K-P	255	144.70	45.918
X-K-Q	259	137.68	49.722
X-K-R	250	143.20	51.338
X-K-S	259	157.15	61.274
X-K-T	252	143.71	63.677
X-K-V	260	99.286	42.466
X-K-X	349	118.63	110.83
X-K-Y	250	136.23	50.674
Y-K-A	203	78.933	41.751
Y-K-C	178	79.697	54.524
Y-K-D	217	102.12	40.979
Y-K-E	197	104.68	46.501
Y-K-F	207	81.676	43.137
Y-K-G	214	98.720	53.308
Y-K-H	187	70.383	51.300
Y-K-I	208	71.872	51.593
Y-K-K	230	97.701	57.874
Y-K-L	197	84.229	45.755
Y-K-M	180	71.364	46.458
Y-K-N	217	99.033	42.215
Y-K-P	192	92.465	44.720
Y-K-Q	193	91.515	40.297
Y-K-R	186	66.807	47.506
Y-K-S	220	83.570	44.821
Y-K-T	213	101.40	43.294
Y-K-V	220	74.542	45.948
Y-K-W	207	68.322	50.852
Y-K-X	276	172.59	36.798
Y-K-Y	197	76.165	54.516
