A-Y-A	223	30.911	37.693
A-Y-C	224	36.301	36.140
A-Y-D	206	31.843	35.561
A-Y-E	204	37.773	38.459
A-Y-F	198	32.094	37.851
A-Y-G	244	39.598	44.324
A-Y-H	177	34.821	43.121
A-Y-I	237	30.504	33.265
A-Y-K	173	27.964	33.704
A-Y-L	237	34.413	37.256
A-Y-M	237	45.372	42.830
A-Y-N	217	46.872	43.506
A-Y-P	197	30.789	36.166
A-Y-Q	229	19.687	30.828
A-Y-R	200	30.739	39.499
A-Y-S	241	35.724	42.068
A-Y-T	226	30.544	34.943
A-Y-V	234	30.276	47.054
A-Y-W	183	35.230	40.561
A-Y-X	300	75.082	82.220
A-Y-Y	201	32.145	36.354
C-Y-A	174	35.896	40.857
C-Y-C	143	23.763	29.734
C-Y-D	177	30.264	26.864
C-Y-E	155	52.876	45.102
C-Y-F	179	40.978	48.111
C-Y-G	190	36.724	32.470
C-Y-H	91	34	17.332
C-Y-I	195	40.983	30.294
C-Y-K	147	67.273	52.671
C-Y-L	125	19.828	24.558
C-Y-M	104	14.211	20.360
C-Y-N	166	41.070	43.350
C-Y-P	165	27.513	40.441
C-Y-Q	173	35.515	20.374
C-Y-R	218	33.736	39.919
C-Y-S	173	31.867	44.580
C-Y-T	109	23.723	32.846
C-Y-V	110	28.543	23.177
C-Y-W	236	30.924	48.845
C-Y-Y	131	20.784	30.938
D-Y-A	203	40.858	40.340
D-Y-C	190	29.023	33.138
D-Y-D	233	47.630	44.218
D-Y-E	243	38.953	40.145
D-Y-F	232	30.507	37.231
D-Y-G	226	38.306	37.859
D-Y-H	192	39.247	43.065
D-Y-I	232	39.696	43.853
D-Y-K	229	39.421	40.629
D-Y-L	202	36.871	36.484
D-Y-M	179	32.148	37.629
D-Y-N	226	31.198	33.435
D-Y-P	183	44.801	42.075
D-Y-Q	205	41.512	37.103
D-Y-R	207	37.206	34.124
D-Y-S	191	35.828	31.663
D-Y-T	222	49.390	47.118
D-Y-V	225	37.355	36.443
D-Y-W	167	37.027	38.602
D-Y-X	249	86.644	68.605
D-Y-Y	226	35.443	37.338
E-Y-A	222	31.728	34.475
E-Y-C	187	40.180	39.585
E-Y-D	215	44.088	43.809
E-Y-E	231	34.059	36.918
E-Y-F	222	46.434	43.154
E-Y-G	234	43.923	42.464
E-Y-H	229	41.304	34.424
E-Y-I	226	37.297	38.806
E-Y-K	242	39.367	43.222
E-Y-L	229	32.551	37.756
E-Y-M	239	35.008	36.463
E-Y-N	215	38.336	37.216
E-Y-P	230	38.948	39.265
E-Y-Q	213	35.971	42.313
E-Y-R	187	33.288	34.920
E-Y-S	230	39.558	43.049
E-Y-T	191	39.729	36.796
E-Y-V	209	33.063	41.580
E-Y-W	185	20.245	24.362
E-Y-X	265	71.447	54.101
E-Y-Y	210	37.659	38.851
F-Y-A	218	41.695	43.668
F-Y-C	203	38.686	34.621
F-Y-D	219	37.261	43.412
F-Y-E	183	33.473	38.815
F-Y-F	156	24.913	29.694
F-Y-G	218	48.990	46.159
F-Y-H	207	40.059	47.759
F-Y-I	166	27.495	30.909
F-Y-K	220	33.926	39.240
F-Y-L	222	30.848	33.210
F-Y-M	153	21.394	27.628
F-Y-N	237	42.250	41.145
F-Y-P	168	27.576	33.409
F-Y-Q	193	33.831	43.976
F-Y-R	204	26.564	29.178
F-Y-S	193	42.711	44.397
F-Y-T	192	25.949	37.332
F-Y-V	188	26.078	39.693
F-Y-W	190	26.906	38.237
F-Y-X	276	76.468	99.051
F-Y-Y	192	36.049	39.856
G-Y-A	222	41.007	43.259
G-Y-C	239	48.055	48.745
G-Y-D	237	43.999	35.797
G-Y-E	231	43.736	43.301
G-Y-F	200	37.338	37.707
G-Y-G	248	38.513	41.655
G-Y-H	220	64.537	48.565
G-Y-I	231	42.345	43.489
G-Y-K	191	29.814	29.858
G-Y-L	248	36.501	33.587
G-Y-M	159	32.893	35.274
G-Y-N	241	42.608	41.409
G-Y-P	201	45.611	38.957
G-Y-Q	223	40.026	32.587
G-Y-R	244	36.609	34.798
G-Y-S	228	43.242	38.582
G-Y-T	245	43.898	38.296
G-Y-V	217	32.834	38.593
G-Y-W	131	40.283	33.282
G-Y-X	280	103.92	60.371
G-Y-Y	203	54.012	37.338
H-Y-A	181	30.592	30.378
H-Y-C	138	45.238	28.484
H-Y-D	195	38.139	41.531
H-Y-E	194	38.271	39.271
H-Y-F	167	36.664	37.230
H-Y-G	209	50.143	44.078
H-Y-H	212	21.191	26.990
H-Y-I	193	42.981	50.799
H-Y-K	201	28.174	36.562
H-Y-L	152	25.320	31.023
H-Y-M	121	39.331	37.404
H-Y-N	185	50.638	48.610
H-Y-P	179	27.086	36.512
H-Y-Q	194	45.937	41.991
H-Y-R	200	33.499	37.769
H-Y-S	191	40.137	31.742
H-Y-T	194	19.292	29.661
H-Y-V	220	39.966	40.804
H-Y-W	126	33.978	41.712
H-Y-Y	201	33.489	38.063
I-Y-A	191	24.888	30.613
I-Y-C	182	40.582	40.573
I-Y-D	192	33.519	39.054
I-Y-E	224	37.132	34.875
I-Y-F	167	21.058	27.922
I-Y-G	198	41.258	37.743
I-Y-H	224	37.076	35.464
I-Y-I	173	28.466	31.443
I-Y-K	232	29.053	31.371
I-Y-L	174	26.961	31.558
I-Y-M	204	31.469	35.110
I-Y-N	198	30.313	35.006
I-Y-P	205	44.342	50.243
I-Y-Q	183	41.066	43.276
I-Y-R	210	31.180	43.171
I-Y-S	205	34.058	39.762
I-Y-T	170	29.555	34.173
I-Y-V	191	26.209	37.530
I-Y-W	183	20.644	27.372
I-Y-X	304	96.810	72.801
I-Y-Y	171	21.155	32.864
K-Y-A	222	45.965	38.909
K-Y-C	167	49.349	48.981
K-Y-D	223	52.931	47.454
K-Y-E	230	40.231	35.296
K-Y-F	200	41.323	36.517
K-Y-G	236	51.385	43.768
K-Y-H	209	38.334	37.994
K-Y-I	235	31.843	34.758
K-Y-K	215	34.247	36.533
K-Y-L	202	37.678	33.042
K-Y-M	157	46.761	40.653
K-Y-N	193	35.817	33.208
K-Y-P	196	53.913	38.917
K-Y-Q	195	38.624	45.836
K-Y-R	225	34.353	40.298
K-Y-S	185	37.910	35.951
K-Y-T	205	33.910	33.648
K-Y-V	233	42.593	38.349
K-Y-W	211	37.849	43.060
K-Y-X	289	82.713	75.905
K-Y-Y	217	56.867	57.979
L-Y-A	206	35.309	39.502
L-Y-C	187	36.230	38.934
L-Y-D	203	41.761	43.837
L-Y-E	230	43.573	52.136
L-Y-F	225	43.205	45.270
L-Y-G	224	38.599	41.667
L-Y-H	205	38.111	42.086
L-Y-I	185	31.433	36.592
L-Y-K	192	34.655	36.206
L-Y-L	198	29.812	34.832
L-Y-M	122	24.848	29.932
L-Y-N	205	38.305	39.547
L-Y-P	213	41.192	38.335
L-Y-Q	204	48.577	53.637
L-Y-R	222	30.135	38.153
L-Y-S	211	42.633	41.596
L-Y-T	197	27.521	30.079
L-Y-V	217	33.562	42.953
L-Y-W	175	45.976	42.498
L-Y-X	281	106.17	78.331
L-Y-Y	195	38.490	42.161
M-Y-A	186	34.662	35.686
M-Y-D	166	49.812	43.807
M-Y-E	188	29.815	37.000
M-Y-F	135	26.633	32.386
M-Y-G	206	37.040	45.429
M-Y-H	162	28.412	33.328
M-Y-I	118	47.268	41.166
M-Y-K	182	34.972	30.403
M-Y-L	161	22.822	29.330
M-Y-M	194	42.600	42.042
M-Y-N	156	42.995	43.215
M-Y-P	139	35.378	32.386
M-Y-Q	156	38.069	40.129
M-Y-R	159	29.858	34.331
M-Y-S	191	39.207	38.483
M-Y-T	129	29.181	27.252
M-Y-V	175	31.699	38.099
M-Y-W	115	39.650	29.576
M-Y-Y	154	31.086	36.889
N-Y-A	218	42.891	40.084
N-Y-C	146	29.346	30.868
N-Y-D	218	50.829	42.763
N-Y-E	217	42.639	44.988
N-Y-F	205	36.186	36.555
N-Y-G	221	32.570	41.354
N-Y-H	186	47.787	53.059
N-Y-I	171	35.746	36.285
N-Y-K	198	48.960	44.399
N-Y-L	239	41.192	43.922
N-Y-M	168	32.188	36.085
N-Y-N	218	58.647	48.944
N-Y-P	210	33.577	37.239
N-Y-Q	174	39.232	38.086
N-Y-R	212	59.513	56.375
N-Y-S	214	40.957	39.118
N-Y-T	202	35.642	35.261
N-Y-V	231	32.352	36.954
N-Y-W	119	24.755	25.318
N-Y-X	281	120.43	81.552
N-Y-Y	175	31.300	36.855
P-Y-A	228	43.330	42.589
P-Y-C	160	54	51.210
P-Y-D	215	46.444	38.564
P-Y-E	226	54.961	43.718
P-Y-F	188	46.676	41.155
P-Y-G	230	43.079	44.414
P-Y-H	178	37.353	38.995
P-Y-I	235	39.237	38.865
P-Y-K	249	46.422	39.736
P-Y-L	192	32.015	39.538
P-Y-M	171	38.213	38.831
P-Y-N	214	58.466	44.256
P-Y-P	213	51.657	46.326
P-Y-Q	240	38.753	41.965
P-Y-R	213	45.502	39.898
P-Y-S	217	54.825	46.813
P-Y-T	218	47.639	44.309
P-Y-V	227	40.608	43.265
P-Y-W	171	68.341	56.891
P-Y-X	308	126.49	87.548
P-Y-Y	194	49.020	42.500
Q-Y-A	221	38.655	38.412
Q-Y-C	189	36.549	40.518
Q-Y-D	215	26.121	32.615
Q-Y-E	186	30.142	33.794
Q-Y-F	197	35.317	43.502
Q-Y-G	237	49.592	49.565
Q-Y-H	200	43.714	41.038
Q-Y-I	192	38.350	34.415
Q-Y-K	208	37.100	34.574
Q-Y-L	203	41.163	43.423
Q-Y-M	190	30.319	37.343
Q-Y-N	248	40.093	40.870
Q-Y-P	193	41.123	40.477
Q-Y-Q	158	35.410	37.248
Q-Y-R	193	43.833	45.961
Q-Y-S	212	34.097	32.183
Q-Y-T	219	41.232	37.553
Q-Y-V	200	39.746	34.401
Q-Y-W	201	21.391	34.340
Q-Y-X	268	81.658	67.623
Q-Y-Y	156	35.837	34.878
R-Y-A	213	32.479	40.237
R-Y-C	189	41.471	38.259
R-Y-D	227	37.497	39.409
R-Y-E	191	41.013	47.641
R-Y-F	203	30.704	37.023
R-Y-G	199	53.391	43.099
R-Y-H	168	37.903	36.844
R-Y-I	200	29.227	30.834
R-Y-K	207	33.164	36.161
R-Y-L	239	30.790	37.549
R-Y-M	197	31.966	39.988
R-Y-N	189	37.049	42.410
R-Y-P	189	39.226	40.463
R-Y-Q	168	23.404	27.432
R-Y-R	209	37.460	43.215
R-Y-S	231	33.601	37.233
R-Y-T	205	29.782	35.677
R-Y-V	212	29.542	33.944
R-Y-W	220	63.621	57.668
R-Y-X	285	99.885	67.345
R-Y-Y	176	43.329	44.891
S-Y-A	200	25.267	33.618
S-Y-C	147	47.995	42.504
S-Y-D	232	34.940	41.074
S-Y-E	207	42.738	39.437
S-Y-F	208	37.376	43.886
S-Y-G	236	44.393	48.481
S-Y-H	171	47.841	44.368
S-Y-I	227	34.621	39.854
S-Y-K	201	31.894	34.554
S-Y-L	238	31.476	42.058
S-Y-M	194	35.143	45.314
S-Y-N	222	46.326	44.670
S-Y-P	223	55.751	47.942
S-Y-Q	191	35.150	36.535
S-Y-R	240	40.883	43.919
S-Y-S	217	45.555	47.817
S-Y-T	218	29.517	33.638
S-Y-V	231	42.398	43.824
S-Y-W	182	31.380	31.269
S-Y-X	284	112.55	73.264
S-Y-Y	227	37.045	36.554
T-Y-A	199	32.482	39.036
T-Y-C	111	19.207	26.116
T-Y-D	230	39.452	41.538
T-Y-E	232	33.023	37.532
T-Y-F	184	31.801	35.049
T-Y-G	232	52.737	44.774
T-Y-H	193	39.165	46.304
T-Y-I	238	29.182	34.193
T-Y-K	189	41.073	43.988
T-Y-L	215	25.261	32.727
T-Y-M	150	36.047	33.269
T-Y-N	162	33.920	35.511
T-Y-P	197	35.359	40.699
T-Y-Q	223	45.729	51.565
T-Y-R	189	22.283	31.773
T-Y-S	234	36.786	36.130
T-Y-T	206	34.179	39.021
T-Y-V	191	32.788	42.897
T-Y-W	196	34.516	41.027
T-Y-X	302	56.142	64.467
T-Y-Y	193	40.067	48.228
V-Y-A	174	28.131	34.761
V-Y-C	168	31.587	37.665
V-Y-D	217	37.760	36.706
V-Y-E	221	27.018	32.386
V-Y-F	198	30.802	34.401
V-Y-G	241	33.903	39.448
V-Y-H	216	34.921	42.915
V-Y-I	195	39.321	46.572
V-Y-K	215	37.050	44.726
V-Y-L	212	27.263	32.493
V-Y-M	118	30.465	30.696
V-Y-N	208	38.196	43.062
V-Y-P	195	36.516	34.092
V-Y-Q	196	37.319	38.424
V-Y-R	198	42.016	44.534
V-Y-S	199	28.297	33.994
V-Y-T	189	21.993	31.709
V-Y-V	230	31.170	41.312
V-Y-W	185	62.009	58.778
V-Y-X	277	81.344	50.277
V-Y-Y	203	23.407	37.988
W-Y-A	172	25.952	35.258
W-Y-C	96	33.405	17.710
W-Y-D	207	40.922	47.472
W-Y-E	144	32.532	37.893
W-Y-F	117	26.349	28.686
W-Y-G	220	39.333	49.290
W-Y-H	156	43.303	45.798
W-Y-I	108	31.614	35.725
W-Y-K	251	27.959	30.107
W-Y-L	153	14.624	25.996
W-Y-M	159	8.8689	20.031
W-Y-N	161	56.514	25.710
W-Y-P	145	27.531	33.727
W-Y-Q	150	15.113	24.285
W-Y-R	137	20.630	23.483
W-Y-S	166	30.136	42.285
W-Y-T	119	19.496	28.927
W-Y-V	182	36.579	39.514
W-Y-W	173	38.041	42.078
W-Y-Y	161	22.833	32.001
X-Y-A	298	89	80.554
X-Y-D	291	82.955	73.207
X-Y-E	257	82.131	57.647
X-Y-F	249	97.643	77.638
X-Y-G	198	75.194	65.665
X-Y-H	266	80.871	92.489
X-Y-I	220	82.714	63.764
X-Y-K	291	102.46	74.998
X-Y-L	288	66.234	78.546
X-Y-N	243	120.93	42.202
X-Y-P	199	97.023	45.188
X-Y-Q	262	96	62.187
X-Y-R	283	73.220	73.776
X-Y-S	275	94.526	59.986
X-Y-T	275	154.98	77.683
X-Y-V	281	89.222	76.350
X-Y-X	262	88.833	65.528
X-Y-Y	259	85.048	79.719
Y-Y-A	204	34.116	40.579
Y-Y-C	132	12.285	13.744
Y-Y-D	242	35.170	37.698
Y-Y-E	185	41.276	45.459
Y-Y-F	232	27.187	32.985
Y-Y-G	242	39.109	48.559
Y-Y-H	193	33.414	48.201
Y-Y-I	185	25.353	30.781
Y-Y-K	208	37.364	48.109
Y-Y-L	176	26.639	33.767
Y-Y-M	107	20.358	25.056
Y-Y-N	205	44.867	41.321
Y-Y-P	194	31.474	32.545
Y-Y-Q	174	26.022	34.128
Y-Y-R	181	26.068	32.191
Y-Y-S	250	35.567	38.726
Y-Y-T	174	31.410	23.160
Y-Y-V	155	19.379	25.774
Y-Y-W	131	38.208	34.459
Y-Y-Y	187	31.652	35.561
