A-P-A	138	45.791	37.139
A-P-C	104	21.519	23.311
A-P-D	148	51.738	38.048
A-P-E	141	37.390	34.574
A-P-F	134	36.175	34.858
A-P-G	150	54.738	40.681
A-P-H	121	40.380	35.094
A-P-I	143	34.567	32.604
A-P-K	145	48.835	38.944
A-P-L	137	45.338	37.696
A-P-M	115	28.021	26.514
A-P-N	150	42.630	36.140
A-P-P	129	37.692	28.828
A-P-Q	134	37.599	29.470
A-P-R	142	43.134	35.359
A-P-S	139	35.536	32.563
A-P-T	142	35.373	35.718
A-P-V	136	39.279	32.763
A-P-W	129	51.798	41.641
A-P-X	204	87.661	45.898
A-P-Y	131	43.138	36.181
C-P-A	125	32.263	33.679
C-P-C	96	56.674	26.030
C-P-D	141	57.821	35.768
C-P-E	138	59.975	39.564
C-P-F	143	28.010	35.737
C-P-G	146	55.805	42.026
C-P-H	128	47.761	37.411
C-P-I	123	40.124	33.719
C-P-K	120	47.282	30.847
C-P-L	127	42.193	39.588
C-P-M	90	10.372	14.336
C-P-N	132	56.260	30.040
C-P-P	107	30.256	26.618
C-P-Q	139	56.354	36.035
C-P-R	135	50	37.647
C-P-S	134	47.075	39.014
C-P-T	134	38.050	33.830
C-P-V	113	34.236	34.478
C-P-W	104	27.170	32.516
C-P-X	190	118.91	42.833
C-P-Y	120	49.401	29.474
D-P-A	144	49.753	37.813
D-P-C	127	27.271	31.924
D-P-D	140	47.931	34.289
D-P-E	141	48.207	38.771
D-P-F	127	36.269	34.675
D-P-G	146	52.768	42.996
D-P-H	120	39.378	34.450
D-P-I	127	43.124	32.295
D-P-K	146	53.625	34.701
D-P-L	128	40.420	34.797
D-P-M	128	43.044	35.926
D-P-N	136	57.562	37.875
D-P-P	120	39.237	33.815
D-P-Q	142	67.306	44.249
D-P-R	143	45.636	43.124
D-P-S	141	60.805	39.416
D-P-T	140	48.556	40.716
D-P-V	141	45.843	35.748
D-P-W	131	26.681	30.173
D-P-X	175	84.330	56.777
D-P-Y	128	39.744	36.480
E-P-A	130	46.959	37.075
E-P-C	120	49.097	33.676
E-P-D	133	45.106	35.199
E-P-E	138	52.979	39.036
E-P-F	132	47.630	38.778
E-P-G	143	55.460	39.360
E-P-H	141	54.174	37.047
E-P-I	133	45.075	31.378
E-P-K	135	37.671	28.775
E-P-L	133	51.528	35.859
E-P-M	122	41.933	39.030
E-P-N	142	42.869	35.251
E-P-P	124	46.277	33.638
E-P-Q	138	36.632	33.206
E-P-R	139	41.366	30.284
E-P-S	146	50.315	36.155
E-P-T	140	41.716	37.567
E-P-V	135	47.228	32.697
E-P-W	123	38.401	33.384
E-P-X	183	115.85	40.732
E-P-Y	132	37.976	34.539
F-P-A	141	48.889	33.803
F-P-C	119	44.346	28.410
F-P-D	143	51.134	35.236
F-P-E	137	41.049	34.109
F-P-F	117	39.311	31.661
F-P-G	142	53.631	40.422
F-P-H	129	56.275	34.765
F-P-I	136	46.679	41.595
F-P-K	131	39.567	31.088
F-P-L	135	39.370	33.420
F-P-M	120	26.229	30.266
F-P-N	132	47.030	37.559
F-P-P	121	33.159	25.522
F-P-Q	125	36.731	30.497
F-P-R	147	24.523	30.426
F-P-S	138	36.382	34.889
F-P-T	136	46.023	29.076
F-P-V	139	40.996	34.942
F-P-W	110	49.345	36.151
F-P-X	168	94.149	53.843
F-P-Y	98	32.911	29.425
G-P-A	149	42.295	38.206
G-P-C	143	36.637	34.103
G-P-D	158	61.033	39.100
G-P-E	148	57.385	38.451
G-P-F	145	45.155	41.533
G-P-G	154	59.931	41.871
G-P-H	146	51.843	41.408
G-P-I	145	38.367	37.090
G-P-K	149	54.291	34.913
G-P-L	136	42.147	40.514
G-P-M	147	41.736	36.055
G-P-N	155	55.313	40.891
G-P-P	132	54.181	33.985
G-P-Q	143	40.153	36.791
G-P-R	146	59.279	40.762
G-P-S	156	38.848	37.395
G-P-T	142	51.721	42.586
G-P-V	149	36.107	37.175
G-P-W	127	44.485	33.255
G-P-X	211	72.542	43.536
G-P-Y	144	54.383	38.517
H-P-A	134	50.196	39.350
H-P-C	121	11.545	24.601
H-P-D	139	63.197	34.049
H-P-E	140	64.227	32.381
H-P-F	130	45.398	34.240
H-P-G	145	63.604	38.793
H-P-H	138	45.639	37.748
H-P-I	127	38.849	36.480
H-P-K	144	66.557	41.590
H-P-L	125	38.158	31.711
H-P-M	113	31.508	33.468
H-P-N	143	68.873	34.729
H-P-P	123	35.430	33.806
H-P-Q	129	43.547	33.962
H-P-R	129	58.587	44.247
H-P-S	131	52.330	40.119
H-P-T	121	47.002	33.985
H-P-V	121	35.199	34.651
H-P-W	113	37.071	26.582
H-P-X	187	124.09	50.375
H-P-Y	134	42.730	39.378
I-P-A	131	38.403	31.021
I-P-C	130	38.421	33.352
I-P-D	140	44.658	34.507
I-P-E	123	43.689	34.056
I-P-F	123	31.445	29.414
I-P-G	143	50.828	38.689
I-P-H	129	42.513	36.327
I-P-I	134	34.335	29.101
I-P-K	135	36.500	33.892
I-P-L	125	36.375	33.257
I-P-M	121	30.092	30.477
I-P-N	133	41.088	31.551
I-P-P	116	33.874	28.071
I-P-Q	131	41.039	34.365
I-P-R	131	31.378	30.906
I-P-S	136	40.398	33.202
I-P-T	131	27.810	28.147
I-P-V	131	37.080	31.572
I-P-W	114	33.701	24.173
I-P-X	184	107.52	50.360
I-P-Y	133	40.760	30.744
K-P-A	150	51.031	39.722
K-P-C	134	60.742	32.260
K-P-D	140	43.176	38.593
K-P-E	143	50.014	37.567
K-P-F	138	56.389	35.520
K-P-G	144	60.938	40.886
K-P-H	135	43.449	37.158
K-P-I	130	50.607	32.247
K-P-K	129	51.723	38.003
K-P-L	137	57.243	36.111
K-P-M	126	32.752	28.499
K-P-N	147	53.415	39.814
K-P-P	117	43.052	32.588
K-P-Q	132	43.322	37.247
K-P-R	137	46.006	37.279
K-P-S	145	51.806	39.087
K-P-T	139	36.536	36.430
K-P-V	142	50.097	32.512
K-P-W	135	43.343	33.524
K-P-X	202	121.16	45.848
K-P-Y	141	48.880	34.292
L-P-A	141	45.747	33.252
L-P-C	117	45.762	32.393
L-P-D	142	43.147	36.406
L-P-E	145	49.686	35.343
L-P-F	128	44.430	31.893
L-P-G	144	51.911	38.738
L-P-H	139	48.258	35.186
L-P-I	139	34.486	30.772
L-P-K	144	48.344	37.203
L-P-L	132	37.688	32.994
L-P-M	129	31.732	31.568
L-P-N	147	50.620	38.625
L-P-P	123	33.706	26.833
L-P-Q	129	35.346	31.698
L-P-R	136	42.050	33.727
L-P-S	146	40.042	33.112
L-P-T	144	35.870	35.051
L-P-V	143	36.056	32.521
L-P-W	133	38.447	32.608
L-P-X	196	103.74	50.112
L-P-Y	134	41.696	35.768
M-P-A	133	27.423	29.452
M-P-C	103	43.102	30.137
M-P-D	143	58.137	37.903
M-P-E	123	53.555	30.498
M-P-F	123	29.317	27.652
M-P-G	140	43.489	36.595
M-P-H	120	34.507	30.079
M-P-I	133	27.067	31.356
M-P-K	132	31.338	34.873
M-P-L	136	34.797	32.678
M-P-M	98	44.625	29.571
M-P-N	128	54.063	32.313
M-P-P	114	27.559	25.900
M-P-Q	132	39.142	29.272
M-P-R	120	32.307	30.869
M-P-S	131	28.510	28.769
M-P-T	132	29.280	32.756
M-P-V	129	33.696	34.407
M-P-W	105	46.275	29.452
M-P-Y	121	27.150	32.114
N-P-A	144	40.438	39.847
N-P-C	113	31.430	34.535
N-P-D	147	55.029	38.983
N-P-E	131	48.887	36.819
N-P-F	118	24.759	29.439
N-P-G	139	47.764	35.214
N-P-H	132	42.848	37.804
N-P-I	135	30.792	30.172
N-P-K	149	61.459	39.098
N-P-L	128	38.358	32.726
N-P-M	129	20.709	30.902
N-P-N	134	52.156	37.330
N-P-P	130	42.011	32.494
N-P-Q	132	49.247	35.783
N-P-R	139	46.201	34.249
N-P-S	144	45.523	38.343
N-P-T	136	26.849	30.107
N-P-V	128	34.130	31.574
N-P-W	129	37.804	36.852
N-P-X	180	77.845	56.914
N-P-Y	117	39.995	38.167
P-P-A	144	45.800	35.872
P-P-C	131	48.941	39.010
P-P-D	144	59.504	36.961
P-P-E	141	58.968	37.967
P-P-F	137	42.780	31.682
P-P-G	147	70.869	38.866
P-P-H	144	55.304	44.438
P-P-I	137	45.102	38.571
P-P-K	140	33.879	34.525
P-P-L	138	59.142	38.767
P-P-M	132	41.417	34.583
P-P-N	143	49.329	43.526
P-P-P	127	42.636	32.163
P-P-Q	141	53.069	37.428
P-P-R	140	46.965	37.381
P-P-S	141	34.275	35.830
P-P-T	140	42.919	40.569
P-P-V	142	50.499	33.834
P-P-W	138	52.639	32.678
P-P-X	209	133.23	47.991
P-P-Y	139	52.854	33.202
Q-P-A	146	57.134	31.420
Q-P-C	114	34.329	29.664
Q-P-D	145	65.570	39.171
Q-P-E	135	47.178	34.302
Q-P-F	135	50.878	34.785
Q-P-G	140	57.166	39.282
Q-P-H	146	63.004	41.349
Q-P-I	145	42.261	32.692
Q-P-K	127	49.635	32.543
Q-P-L	125	45.082	32.159
Q-P-M	102	45.559	33.585
Q-P-N	143	54.445	38.113
Q-P-P	123	48.995	33.559
Q-P-Q	147	52.684	36.800
Q-P-R	129	36.846	38.161
Q-P-S	142	45.848	35.789
Q-P-T	118	30.171	30.618
Q-P-V	130	31.750	31.527
Q-P-W	123	25.224	32.842
Q-P-X	199	91.890	59.155
Q-P-Y	129	43.580	36.229
R-P-A	145	41.707	32.731
R-P-C	124	45.234	36.796
R-P-D	145	47.781	36.079
R-P-E	144	52.202	36.069
R-P-F	138	46.459	41.363
R-P-G	148	62.863	40.594
R-P-H	133	37.265	41.999
R-P-I	127	42.011	34.428
R-P-K	144	48.938	43.001
R-P-L	145	29.286	33.900
R-P-M	117	32.976	34.357
R-P-N	143	48.326	33.993
R-P-P	116	47.613	37.649
R-P-Q	125	42.995	34.898
R-P-R	136	42.911	36.054
R-P-S	129	46.019	38.692
R-P-T	135	33.220	34.682
R-P-V	139	39.239	34.228
R-P-W	130	37.471	41.898
R-P-X	203	109.68	52.258
R-P-Y	141	38.138	36.872
S-P-A	152	48.623	38.544
S-P-C	147	36.254	30.488
S-P-D	148	52.844	38.101
S-P-E	145	58.068	37.773
S-P-F	136	37.080	35.078
S-P-G	154	53.271	43.717
S-P-H	139	48.323	42.078
S-P-I	143	45.473	33.415
S-P-K	144	51.994	39.521
S-P-L	136	48.684	37.715
S-P-M	130	53.947	45.012
S-P-N	140	58.553	38.017
S-P-P	119	40.334	34.686
S-P-Q	146	46.311	40.407
S-P-R	145	47.718	42.237
S-P-S	152	71.733	41.945
S-P-T	146	53.044	43.190
S-P-V	143	40.796	36.172
S-P-W	142	38.235	39.528
S-P-X	202	83.137	52.506
S-P-Y	150	39.040	35.181
T-P-A	149	43.944	35.243
T-P-C	128	43.660	36.592
T-P-D	151	45.576	35.394
T-P-E	145	60.450	37.352
T-P-F	126	40.367	36.632
T-P-G	146	58.607	37.608
T-P-H	141	33.703	35.957
T-P-I	144	42.167	33.665
T-P-K	144	38.539	33.922
T-P-L	138	40.465	32.198
T-P-M	138	34.139	33.853
T-P-N	137	47.320	32.976
T-P-P	134	40.243	34.175
T-P-Q	141	32.818	34.813
T-P-R	146	40.647	36.668
T-P-S	148	39.966	35.073
T-P-T	131	34.809	34.022
T-P-V	142	42.746	34.558
T-P-W	129	41.918	36.373
T-P-X	196	99	51.817
T-P-Y	130	37.624	31.854
V-P-A	123	36.201	31.244
V-P-C	109	19.907	29.033
V-P-D	146	44.179	31.318
V-P-E	138	42.044	32.052
V-P-F	141	32.342	30.420
V-P-G	142	48.810	39.173
V-P-H	130	28.786	31.867
V-P-I	124	33.682	29.129
V-P-K	134	40.186	29.607
V-P-L	132	44.368	33.363
V-P-M	126	25.904	27.826
V-P-N	132	51.487	35.594
V-P-P	121	34.689	30.513
V-P-Q	130	39.933	29.344
V-P-R	132	39.731	31.410
V-P-S	136	41.746	30.658
V-P-T	141	35.377	32.032
V-P-V	132	34.848	33.318
V-P-W	107	25.258	29.915
V-P-X	198	110.61	44.692
V-P-Y	132	37.438	30.375
W-P-A	119	42.178	32.107
W-P-D	131	41.855	29.881
W-P-E	109	43.897	26.318
W-P-F	107	43.355	33.408
W-P-G	122	51.676	38.599
W-P-H	128	57.416	29.652
W-P-I	98	29.903	29.970
W-P-K	111	44.367	36.393
W-P-L	132	32.880	31.007
W-P-N	115	53.135	32.281
W-P-P	97	33.669	27.835
W-P-Q	122	28.781	34.916
W-P-R	91	23.347	31.666
W-P-S	121	50.474	31.098
W-P-T	103	17.623	24.433
W-P-V	119	38.619	35.357
W-P-W	128	12.454	21.837
W-P-X	174	116.17	53.087
W-P-Y	103	21.423	28.862
X-P-A	192	74.073	54.200
X-P-D	195	98.767	56.576
X-P-E	190	96.969	48.978
X-P-F	197	84.988	51.333
X-P-G	192	80.179	53.651
X-P-H	193	58.721	60.094
X-P-I	191	74.224	55.841
X-P-K	192	82.226	48.833
X-P-L	183	96.161	55.055
X-P-M	190	94.127	47.334
X-P-N	170	103.86	43.624
X-P-P	180	100.53	47.065
X-P-Q	190	90.393	28.802
X-P-R	191	92.688	48.573
X-P-S	192	105.36	63.120
X-P-T	191	96.398	53.698
X-P-V	182	85.062	46.933
X-P-X	189	79.197	48.359
X-P-Y	189	102.79	47.665
Y-P-A	125	32.255	30.247
Y-P-C	96	31.222	24.936
Y-P-D	137	42.865	35.990
Y-P-E	137	52.553	35.280
Y-P-F	118	38.821	31.608
Y-P-G	141	51.151	39.062
Y-P-H	125	38.558	33.635
Y-P-I	117	35.724	31.182
Y-P-K	135	35.710	29.273
Y-P-L	140	34.673	30.256
Y-P-M	138	28.519	36.494
Y-P-N	130	48.677	34.617
Y-P-P	108	31.122	24.898
Y-P-Q	116	42.602	35.970
Y-P-R	127	35.009	28.161
Y-P-S	143	37.934	37.280
Y-P-T	128	39.151	35.503
Y-P-V	125	34.022	32.906
Y-P-W	129	35.886	24.192
Y-P-X	181	71.575	53.383
Y-P-Y	124	37.372	31.933
