A-N-A	176	58.586	40.731
A-N-C	168	36.975	34.464
A-N-D	191	63.347	46.778
A-N-E	174	54.198	40.805
A-N-F	164	48.001	36.604
A-N-G	191	69.648	44.402
A-N-H	160	41.931	43.113
A-N-I	175	51.362	42.431
A-N-K	175	68.568	46.070
A-N-L	180	49.050	42.153
A-N-M	171	55.261	40.649
A-N-N	181	61.124	43.563
A-N-P	159	47.441	39.820
A-N-Q	177	57.788	41.929
A-N-R	182	49.907	46.049
A-N-S	182	59.240	48.106
A-N-T	173	53.785	43.146
A-N-V	177	44.962	43.011
A-N-W	163	29.479	28.414
A-N-X	244	115.11	46.909
A-N-Y	169	39.793	39.178
C-N-A	142	38.430	33.499
C-N-C	131	57.745	29.066
C-N-D	167	61.181	31.022
C-N-E	157	50.992	40.585
C-N-F	111	45.680	26.961
C-N-G	170	80.307	46.543
C-N-H	156	58.870	34.750
C-N-I	169	89.222	52.949
C-N-K	142	52.600	36.321
C-N-L	153	43.754	42.598
C-N-M	137	24.048	31.634
C-N-N	176	36.019	42.458
C-N-P	156	32.262	38.675
C-N-Q	166	48.514	32.779
C-N-R	145	48.552	42.594
C-N-S	158	40.987	36.423
C-N-T	162	58.761	39.767
C-N-V	144	30.703	31.827
C-N-W	107	50.806	31.760
C-N-X	214	106.36	42.551
C-N-Y	145	56.378	30.489
D-N-A	193	68.446	44.500
D-N-C	168	49.641	37.939
D-N-D	171	54.568	44.341
D-N-E	173	55.716	40.468
D-N-F	149	48.843	36.248
D-N-G	198	72.816	44.195
D-N-H	160	51.334	47.894
D-N-I	168	48.471	37.780
D-N-K	176	66.255	47.163
D-N-L	171	59.053	39.896
D-N-M	162	31.115	29.944
D-N-N	177	69.371	45.344
D-N-P	159	46.407	37.405
D-N-Q	177	47.331	36.611
D-N-R	197	49.145	46.596
D-N-S	196	71.580	51.053
D-N-T	176	60.892	41.325
D-N-V	168	51.931	42.195
D-N-W	146	26.772	33.477
D-N-X	218	120.04	59.251
D-N-Y	176	70.269	43.102
E-N-A	174	58.309	45.685
E-N-C	179	60.492	35.496
E-N-D	177	79.347	46.120
E-N-E	170	60.942	41.856
E-N-F	173	44.593	39.848
E-N-G	195	82.661	49.399
E-N-H	171	54.634	44.716
E-N-I	178	52.291	40.899
E-N-K	198	57.518	43.664
E-N-L	169	55.042	42.035
E-N-M	158	53.129	40.456
E-N-N	167	68.433	42.493
E-N-P	163	54.514	40.548
E-N-Q	189	57.065	39.261
E-N-R	171	54.970	45.908
E-N-S	183	69.734	47.491
E-N-T	181	61.003	43.471
E-N-V	180	53.463	40.902
E-N-W	175	52.160	39.697
E-N-X	241	133.98	54.092
E-N-Y	160	64.145	43.526
F-N-A	157	45.644	38.292
F-N-C	171	53	43.974
F-N-D	175	55.670	42.064
F-N-E	172	48.964	37.728
F-N-F	162	54.697	38.119
F-N-G	172	50.484	41.497
F-N-H	155	49.328	45.105
F-N-I	172	43.999	41.244
F-N-K	156	49.632	34.571
F-N-L	165	47.034	42.046
F-N-M	162	51.518	43.275
F-N-N	163	55.933	35.958
F-N-P	152	44.009	33.949
F-N-Q	174	62.101	37.056
F-N-R	170	55.049	39.836
F-N-S	167	56.589	43.377
F-N-T	165	56.837	35.966
F-N-V	164	51.797	43.102
F-N-W	116	42.525	33.630
F-N-X	201	108.50	51.085
F-N-Y	140	51.875	41.859
G-N-A	187	51.282	41.669
G-N-C	165	45.057	38.186
G-N-D	185	65.709	44.288
G-N-E	198	55.901	43.591
G-N-F	183	45.770	39.898
G-N-G	186	70.892	47.341
G-N-H	169	45.771	39.100
G-N-I	204	49.707	42.521
G-N-K	188	63.805	45.175
G-N-L	184	63.921	45.548
G-N-M	158	40.831	39.155
G-N-N	179	64.270	47.038
G-N-P	193	49.511	45.998
G-N-Q	166	62.616	44.903
G-N-R	186	59.849	39.648
G-N-S	197	57.940	46.145
G-N-T	175	51.215	40.049
G-N-V	178	48.307	40.451
G-N-W	181	40.727	38.882
G-N-X	229	75.734	77.577
G-N-Y	182	52.448	42.127
H-N-A	148	56.762	47.442
H-N-C	161	51.938	48.181
H-N-D	167	42.188	42.206
H-N-E	141	45.357	41.571
H-N-F	162	44.544	42.423
H-N-G	170	66.593	37.289
H-N-H	179	42.806	50.957
H-N-I	165	38.511	40.329
H-N-K	170	75.491	50.605
H-N-L	175	49.716	44.932
H-N-M	161	92.407	55.455
H-N-N	162	45.476	40.201
H-N-P	162	35.983	39.210
H-N-Q	131	38.909	33.983
H-N-R	171	67.780	57.004
H-N-S	178	50.347	39.016
H-N-T	159	43.241	40.779
H-N-V	158	40.597	43.181
H-N-W	126	32.768	41.004
H-N-X	222	118.03	47.381
H-N-Y	162	29.965	39.537
I-N-A	166	46.279	39.375
I-N-C	149	31.170	34.711
I-N-D	176	60.319	45.846
I-N-E	164	50.706	38.459
I-N-F	148	43.291	35.042
I-N-G	192	59.049	46.195
I-N-H	163	44.931	44.905
I-N-I	128	30.316	30.425
I-N-K	162	55.537	38.338
I-N-L	163	39.559	37.128
I-N-M	150	19.721	34.562
I-N-N	168	52.596	38.574
I-N-P	182	32.316	32.407
I-N-Q	154	45.376	36.461
I-N-R	151	45.078	36.191
I-N-S	165	45.373	36.027
I-N-T	161	54.750	36.981
I-N-V	163	62.757	44.402
I-N-W	147	37.351	37.700
I-N-X	206	115.67	49.990
I-N-Y	168	47.840	40.018
K-N-A	174	65.307	43.082
K-N-C	176	58.381	36.452
K-N-D	187	76.955	44.833
K-N-E	182	69.878	43.843
K-N-F	161	61.935	44.389
K-N-G	186	91.583	39.178
K-N-H	162	75.824	36.764
K-N-I	167	61.916	43.880
K-N-K	176	72.714	40.700
K-N-L	181	64.524	46.465
K-N-M	146	55.100	41.270
K-N-N	167	62.473	46.590
K-N-P	167	54.873	38.127
K-N-Q	173	67.670	42.153
K-N-R	196	85.766	50.902
K-N-S	173	56.073	44.119
K-N-T	171	61.307	46.410
K-N-V	167	67.909	40.471
K-N-W	149	43.875	36.443
K-N-X	235	114.21	50.634
K-N-Y	170	52.321	42.696
L-N-A	177	59.274	45.675
L-N-C	169	30.136	38.656
L-N-D	179	58.533	41.487
L-N-E	180	61.481	40.935
L-N-F	178	39.445	34.238
L-N-G	182	57.948	46.866
L-N-H	163	54.368	36.917
L-N-I	176	51.888	46.490
L-N-K	179	61.487	43.702
L-N-L	170	52.277	43.387
L-N-M	167	55.243	40.979
L-N-N	168	46.931	43.361
L-N-P	154	44.649	38.869
L-N-Q	162	59.306	39.687
L-N-R	174	53.971	41.984
L-N-S	177	57.377	37.949
L-N-T	167	55.163	45.550
L-N-V	178	54.163	44.218
L-N-W	169	52.126	43.487
L-N-X	235	125.06	51.630
L-N-Y	170	45.891	41.932
M-N-A	151	56.595	38.838
M-N-C	148	69.128	38.737
M-N-D	168	56.618	43.166
M-N-E	164	44.098	42.415
M-N-F	158	53.100	46.280
M-N-G	184	39.517	44.538
M-N-H	142	45.190	44.768
M-N-I	153	63.855	30.393
M-N-K	152	53.160	31.525
M-N-L	172	58.589	48.291
M-N-M	151	59.780	52.760
M-N-N	154	31.500	38.075
M-N-P	142	47.723	37.712
M-N-Q	156	56.875	41.508
M-N-R	137	42.985	33.146
M-N-S	175	54.063	35.174
M-N-T	191	48.626	47.430
M-N-V	162	39.552	40.258
M-N-W	141	41.739	48.150
M-N-X	239	143.41	39.847
M-N-Y	156	44.877	41.661
N-N-A	161	53.068	41.937
N-N-C	168	57.081	57.374
N-N-D	178	49.653	45.723
N-N-E	172	65.894	44.574
N-N-F	165	51.873	35.476
N-N-G	176	69.323	45.945
N-N-H	161	67.653	47.872
N-N-I	165	49.684	40.441
N-N-K	170	63.275	42.310
N-N-L	181	62.019	43.861
N-N-M	165	49.187	41.202
N-N-N	175	79.267	43.241
N-N-P	155	42.082	32.546
N-N-Q	166	59.378	40.702
N-N-R	181	69.480	43.023
N-N-S	180	65.599	47.329
N-N-T	174	48.571	41.813
N-N-V	173	60.615	44.438
N-N-W	159	55.788	45.094
N-N-X	231	98.212	47.926
N-N-Y	188	77.064	56.710
P-N-A	203	89.264	44.563
P-N-C	170	88.527	48.156
P-N-D	185	76.480	49.817
P-N-E	182	76.965	50.693
P-N-F	202	59.454	43.601
P-N-G	179	86.051	49.346
P-N-H	188	44.397	52.207
P-N-I	171	50.628	43.175
P-N-K	171	94.718	49.509
P-N-L	194	57.324	40.770
P-N-M	167	62.005	55.343
P-N-N	169	62.670	44.563
P-N-P	159	53.803	40.214
P-N-Q	169	67.301	43.760
P-N-R	181	81.407	46.159
P-N-S	179	71.562	52.878
P-N-T	175	66.604	43.598
P-N-V	179	60.642	47.945
P-N-W	168	84.201	46.310
P-N-X	248	103.40	67.902
P-N-Y	168	65.832	45.728
Q-N-A	153	57.052	43.369
Q-N-C	175	57.287	40.768
Q-N-D	171	81.608	47.469
Q-N-E	166	58.993	43.296
Q-N-F	161	49.474	39.747
Q-N-G	197	76.581	45.421
Q-N-H	147	73.473	43.190
Q-N-I	160	59.528	39.229
Q-N-K	163	67.753	40.721
Q-N-L	169	56	42.529
Q-N-M	164	35.062	38.975
Q-N-N	179	72.629	44.860
Q-N-P	160	46.921	43.061
Q-N-Q	173	58.320	41.788
Q-N-R	183	72.298	56.958
Q-N-S	179	57.687	49.615
Q-N-T	180	52.078	40.970
Q-N-V	175	56.208	39.951
Q-N-W	173	57.866	42.322
Q-N-X	234	139.95	55.479
Q-N-Y	147	61.695	41.125
R-N-A	175	46.842	37.357
R-N-C	172	83.364	54.507
R-N-D	183	67.656	46.324
R-N-E	162	64.941	46.848
R-N-F	180	51.314	39.856
R-N-G	199	76.864	43.442
R-N-H	158	52.063	42.292
R-N-I	176	56.214	47.255
R-N-K	177	61.593	42.308
R-N-L	170	56.365	39.779
R-N-M	153	43.220	38.355
R-N-N	178	58.936	54.241
R-N-P	161	38.593	38.448
R-N-Q	173	67.719	48.890
R-N-R	167	65.876	45.754
R-N-S	166	67.811	40.449
R-N-T	163	74.817	47.271
R-N-V	165	58.428	47.738
R-N-W	148	55.513	44.798
R-N-X	233	129.54	55.916
R-N-Y	157	51.138	41.282
S-N-A	178	49.415	46.878
S-N-C	176	57.147	46.183
S-N-D	176	65.128	47.865
S-N-E	176	53.654	44.734
S-N-F	177	50.576	42.083
S-N-G	181	84.278	49.317
S-N-H	178	49.853	38.084
S-N-I	198	50.100	44.454
S-N-K	177	58.253	46.412
S-N-L	168	54.733	43.770
S-N-M	137	40.709	34.395
S-N-N	181	65.891	47.178
S-N-P	161	43.725	37.186
S-N-Q	170	51.360	41.383
S-N-R	168	58.887	45.102
S-N-S	189	57.836	47.531
S-N-T	181	78.900	54.699
S-N-V	172	58.155	47.277
S-N-W	140	49.214	41.551
S-N-X	232	96.235	41.517
S-N-Y	188	60.489	42.561
T-N-A	182	54.844	44.370
T-N-C	130	38.831	33.105
T-N-D	183	58.346	47.980
T-N-E	172	47.485	40.091
T-N-F	172	71.426	51.991
T-N-G	181	74.178	51.642
T-N-H	174	45.860	48.970
T-N-I	179	51.838	38.943
T-N-K	180	57.367	43.146
T-N-L	177	49.790	41.670
T-N-M	150	33.058	32.823
T-N-N	171	60.756	42.307
T-N-P	167	40.766	36.255
T-N-Q	164	52.117	42.031
T-N-R	172	53.477	38.581
T-N-S	183	63.709	42.135
T-N-T	179	46.159	45.562
T-N-V	170	48.734	35.738
T-N-W	164	49.377	41.442
T-N-X	230	125.18	52.030
T-N-Y	150	54.285	36.996
V-N-A	164	45.112	39.456
V-N-C	167	51.930	39.022
V-N-D	182	51.237	45.658
V-N-E	177	49.916	40.006
V-N-F	143	34.591	33.064
V-N-G	188	73.427	52.415
V-N-H	160	43.684	33.799
V-N-I	174	38.135	40.405
V-N-K	161	58.624	37.863
V-N-L	165	39.853	36.506
V-N-M	168	45.668	45.039
V-N-N	182	58.236	42.842
V-N-P	154	37.725	36.282
V-N-Q	176	47.290	45.425
V-N-R	167	38.425	39.315
V-N-S	173	46.371	41.668
V-N-T	167	43.848	39.447
V-N-V	170	49.206	38.339
V-N-W	148	52.550	37.640
V-N-X	211	104.57	53.802
V-N-Y	154	44.266	39.870
W-N-A	131	49.116	39.471
W-N-C	95	59.508	28.822
W-N-D	161	48.141	33.366
W-N-E	137	34.777	34.976
W-N-F	160	34.854	41.969
W-N-G	176	72.241	46.840
W-N-H	107	33.542	40.448
W-N-I	160	61.605	42.028
W-N-K	130	57.680	33.163
W-N-L	133	38.815	37.092
W-N-M	133	81.362	39.687
W-N-N	160	64.182	35.629
W-N-P	129	40.122	34.949
W-N-Q	167	62.343	52.094
W-N-R	169	49.085	41.475
W-N-S	163	40.718	36.375
W-N-T	136	43.910	41.009
W-N-V	151	48.967	39.094
W-N-W	130	55.342	47.951
W-N-Y	148	37.971	29.653
X-N-A	224	136.38	54.697
X-N-C	220	86.062	39.552
X-N-D	202	97.143	57.093
X-N-E	215	110.20	55.381
X-N-F	213	92.843	71.752
X-N-G	219	90.769	55.772
X-N-I	222	108.47	63.185
X-N-K	229	122.29	51.921
X-N-L	221	106.13	70.466
X-N-M	207	115.61	45.753
X-N-N	229	105.09	62.921
X-N-P	199	102.24	53.786
X-N-Q	213	98.685	44.275
X-N-R	227	117.07	74.269
X-N-S	213	125.49	56.697
X-N-T	228	113.61	57.288
X-N-V	218	127.66	49.820
X-N-Y	220	111.03	59.905
Y-N-A	154	42.977	34.865
Y-N-C	157	64.387	35.367
Y-N-D	147	49.585	42.259
Y-N-E	190	54.496	43.072
Y-N-F	156	46.112	36.870
Y-N-G	180	65.403	47.863
Y-N-H	151	51.395	42.014
Y-N-I	158	59.184	37.577
Y-N-K	170	61.226	40.628
Y-N-L	157	45.240	44.353
Y-N-M	133	72.533	38.773
Y-N-N	149	52.944	37.512
Y-N-P	185	45.779	38.159
Y-N-Q	179	71.809	49.737
Y-N-R	155	50.700	39.838
Y-N-S	167	56.946	33.535
Y-N-T	163	37.039	35.056
Y-N-V	169	60.958	46.256
Y-N-W	151	45.644	30.593
Y-N-X	185	124.34	56.698
Y-N-Y	162	53.602	41.763
