A-F-A	202	18.231	29.809
A-F-C	211	27.516	34.951
A-F-D	220	24.567	33.407
A-F-E	184	28.134	41.216
A-F-F	175	20.890	32.637
A-F-G	210	38.553	45.201
A-F-H	144	15.297	24.334
A-F-I	206	20.117	30.155
A-F-K	206	18.944	27.076
A-F-L	188	18.716	28.689
A-F-M	178	21.861	36.506
A-F-N	206	19.419	31.529
A-F-P	178	28.347	29.433
A-F-Q	178	17.947	29.352
A-F-R	219	18.291	27.686
A-F-S	218	25.597	35.836
A-F-T	188	22.626	30.149
A-F-V	205	17.534	29.882
A-F-W	120	23.094	26.998
A-F-X	235	65.193	58.928
A-F-Y	176	20.759	30.424
C-F-A	161	19.160	32.429
C-F-C	221	27.405	49.354
C-F-D	98	15.202	21.956
C-F-E	159	21.052	28.554
C-F-F	137	14.532	22.081
C-F-G	156	25.166	29.994
C-F-H	157	15.331	34.894
C-F-I	140	13.159	23.189
C-F-K	85	9.6129	16.082
C-F-L	179	12.709	34.095
C-F-M	116	4.6429	16.561
C-F-N	141	24.401	28.920
C-F-P	99	29.948	27.641
C-F-Q	158	24.471	40.804
C-F-R	200	23.556	44.360
C-F-S	160	14.369	21.618
C-F-T	81	14.115	17.604
C-F-V	150	28.786	41.626
C-F-W	158	13.963	35.913
C-F-X	256	108.55	73.760
C-F-Y	128	9.6826	21.524
D-F-A	193	21.702	27.034
D-F-C	188	21.218	27.874
D-F-D	198	25.513	29.818
D-F-E	199	28.585	31.309
D-F-F	201	18.619	26.360
D-F-G	208	33.628	38.595
D-F-H	205	14.424	25.228
D-F-I	206	18.621	31.564
D-F-K	194	23.560	29.627
D-F-L	190	25.418	36.601
D-F-M	202	18.074	22.412
D-F-N	183	40.419	48.413
D-F-P	189	38.251	30.955
D-F-Q	177	22.137	35.772
D-F-R	221	14.507	25.057
D-F-S	202	25.881	33.028
D-F-T	196	17.752	25.598
D-F-V	198	19.427	29.341
D-F-W	165	18.231	28.107
D-F-X	258	81.452	66.851
D-F-Y	199	25.548	42.757
E-F-A	180	20.787	25.863
E-F-C	132	20.995	27.929
E-F-D	220	24.662	33.739
E-F-E	174	18.294	25.367
E-F-F	170	25.606	29.550
E-F-G	213	32.531	33.490
E-F-H	161	31.149	39.254
E-F-I	210	26.091	34.779
E-F-K	195	22.365	36.739
E-F-L	183	25.013	33.646
E-F-M	220	31.886	46.463
E-F-N	200	26.286	38.176
E-F-P	182	31.253	35.858
E-F-Q	203	25.739	34.335
E-F-R	182	20.630	36.173
E-F-S	192	23.649	31.087
E-F-T	177	15.619	28.046
E-F-V	179	19.035	26.808
E-F-W	180	22.053	37.751
E-F-X	201	58.862	56.415
E-F-Y	158	16.046	24.660
F-F-A	202	24.543	29.893
F-F-C	136	13.451	20.465
F-F-D	189	14.440	27.098
F-F-E	202	27.800	28.035
F-F-F	189	27.250	38.523
F-F-G	194	30.312	40.310
F-F-H	171	24.859	36.474
F-F-I	150	7.8693	14.437
F-F-K	184	20.134	28.323
F-F-L	153	20.758	30.897
F-F-M	96	20.827	23.526
F-F-N	176	20.179	29.199
F-F-P	185	24.266	32.069
F-F-Q	158	17.483	26.581
F-F-R	178	30.010	36.403
F-F-S	207	17.824	27.461
F-F-T	166	21.779	33.754
F-F-V	121	17.129	20.588
F-F-W	85	23.786	23.650
F-F-X	233	88.241	74.264
F-F-Y	203	29.832	39.499
G-F-A	208	19.637	32.691
G-F-C	174	25.607	36.718
G-F-D	191	21.808	26.257
G-F-E	186	27.837	37.015
G-F-F	200	28.135	37.660
G-F-G	222	28.939	39.177
G-F-H	171	23.454	31.803
G-F-I	177	48.438	54.349
G-F-K	221	28.571	34.347
G-F-L	195	20.856	30.684
G-F-M	219	26.045	35.172
G-F-N	193	24.816	32.104
G-F-P	161	26.325	32.589
G-F-Q	197	22.125	29.752
G-F-R	207	20.430	35.187
G-F-S	213	24.202	35.134
G-F-T	208	25.736	27.016
G-F-V	222	25.057	35.067
G-F-W	167	22.638	28.946
G-F-X	277	86.375	69.909
G-F-Y	184	19.351	30.126
H-F-A	171	26.633	32.731
H-F-C	109	31.918	21.112
H-F-D	170	26.287	27.591
H-F-E	192	18.621	27.995
H-F-F	178	16.287	29.086
H-F-G	163	29.602	31.081
H-F-H	132	12.079	19.222
H-F-I	202	14.624	29.776
H-F-K	169	17.052	32.697
H-F-L	156	17.753	29.298
H-F-M	136	19.773	30.873
H-F-N	175	18.387	29.407
H-F-P	167	27.521	33.770
H-F-Q	209	20.309	21.930
H-F-R	104	10.280	17.362
H-F-S	146	15.021	21.964
H-F-T	177	37.387	45.763
H-F-V	180	17.771	30.458
H-F-W	128	9.0987	21.641
H-F-X	233	118.47	75.744
H-F-Y	181	13.248	27.389
I-F-A	192	18.492	29.116
I-F-C	98	15.973	27.235
I-F-D	191	18.903	27.780
I-F-E	157	36.848	34.728
I-F-F	132	18.170	28.194
I-F-G	216	24.281	38.847
I-F-H	152	20.941	35.564
I-F-I	175	12.477	25.539
I-F-K	161	13.932	24.770
I-F-L	159	18.442	30.240
I-F-M	174	9.6615	17.937
I-F-N	197	17.072	25.526
I-F-P	117	14.444	23.960
I-F-Q	185	14.740	26.920
I-F-R	169	14.982	27.891
I-F-S	165	21.598	29.369
I-F-T	211	24.781	43.200
I-F-V	147	16.705	26.786
I-F-W	101	6.6014	15.026
I-F-X	274	90.306	84.363
I-F-Y	143	13.642	27.800
K-F-A	210	21.795	30.548
K-F-C	151	29.267	38.294
K-F-D	151	27.736	25.455
K-F-E	200	28.111	30.523
K-F-F	214	26.587	37.258
K-F-G	188	41.220	42.726
K-F-H	201	20.836	32.009
K-F-I	177	28.539	38.331
K-F-K	210	22.949	37.664
K-F-L	201	19.934	33.827
K-F-M	165	17.236	28.706
K-F-N	185	31.639	32.969
K-F-P	153	37.527	34.715
K-F-Q	189	18.548	23.731
K-F-R	178	12.349	24.321
K-F-S	160	21.100	27.643
K-F-T	195	20.884	35.049
K-F-V	213	32.898	42.431
K-F-W	202	18.892	39.634
K-F-X	246	94.250	55.490
K-F-Y	183	25.727	36.492
L-F-A	199	20.297	27.089
L-F-C	168	13.018	24.687
L-F-D	203	26.716	42.072
L-F-E	167	16.691	25.078
L-F-F	160	24.411	33.905
L-F-G	205	21.443	32.670
L-F-H	166	22.928	29.353
L-F-I	213	17.382	32.405
L-F-K	193	19.714	30.898
L-F-L	167	17.784	30.303
L-F-M	176	19.710	32.786
L-F-N	202	19.550	27.090
L-F-P	188	23.442	27.473
L-F-Q	176	19.369	26.733
L-F-R	185	20.174	25.488
L-F-S	186	17.960	29.806
L-F-T	170	22.795	31.524
L-F-V	191	19.413	32.091
L-F-W	110	6.5987	16.276
L-F-X	238	99.626	64.855
L-F-Y	220	17.699	30.371
M-F-A	181	18.103	29.131
M-F-C	97	12.082	12.751
M-F-D	135	21.732	28.471
M-F-E	186	21.477	40.045
M-F-F	99	9.8947	19.722
M-F-G	167	47.118	54.665
M-F-H	183	19.304	31.364
M-F-I	183	17.735	36.124
M-F-K	164	16.321	31.721
M-F-L	188	16.319	30.200
M-F-M	173	16.784	32.061
M-F-N	175	27.534	33.412
M-F-P	148	24.716	25.032
M-F-Q	108	19.265	24.018
M-F-R	167	28.397	37.868
M-F-S	191	17.929	29.676
M-F-T	126	17.217	17.993
M-F-V	187	29.038	36.065
M-F-W	157	19.330	43.006
M-F-Y	149	31.504	42.135
N-F-A	193	16.524	26.516
N-F-C	140	20.344	24.791
N-F-D	179	23.045	29.810
N-F-E	177	17.807	30.379
N-F-F	177	26.373	35.881
N-F-G	184	27.021	35.753
N-F-H	155	21.888	27.632
N-F-I	184	28.198	32.752
N-F-K	178	23.976	26.297
N-F-L	187	18.405	28.503
N-F-M	181	35.267	42.728
N-F-N	175	22.657	26.234
N-F-P	192	20.951	27.577
N-F-Q	186	26.168	34.746
N-F-R	211	20.850	26.095
N-F-S	193	19.644	25.931
N-F-T	173	21.070	25.742
N-F-V	196	24.241	30.677
N-F-W	130	24.864	25.309
N-F-X	278	66.368	53.873
N-F-Y	191	9.1808	20.285
P-F-A	221	30.937	39.635
P-F-C	182	34.867	41.907
P-F-D	201	28.379	35.080
P-F-E	194	35.678	38.775
P-F-F	184	35.004	44.839
P-F-G	226	43.879	52.009
P-F-H	192	21.486	24.283
P-F-I	205	25.138	35.538
P-F-K	221	47.931	52.110
P-F-L	206	31.975	40.002
P-F-M	196	32.705	40.131
P-F-N	202	49.816	51.564
P-F-P	189	33.991	33.971
P-F-Q	182	35.311	32.562
P-F-R	189	31.632	36.799
P-F-S	219	29.814	31.170
P-F-T	213	40.046	42.575
P-F-V	210	36.221	45.149
P-F-W	197	19.514	34.463
P-F-X	258	83.125	52.014
P-F-Y	190	30.167	40.777
Q-F-A	196	22.019	34.030
Q-F-C	156	20.438	21.777
Q-F-D	166	23.516	28.602
Q-F-E	160	20.154	26.958
Q-F-F	129	17.240	25.638
Q-F-G	208	39.830	44.003
Q-F-H	182	13.393	29.891
Q-F-I	196	40.612	42.189
Q-F-K	157	19.617	22.475
Q-F-L	186	23.438	35.533
Q-F-M	143	18.036	22.928
Q-F-N	175	21.224	30.733
Q-F-P	194	28.813	38.060
Q-F-Q	178	23.408	36.357
Q-F-R	154	20.127	29.158
Q-F-S	198	20.907	36.990
Q-F-T	149	16.005	26.000
Q-F-V	185	23.209	39.574
Q-F-W	118	31.159	36.408
Q-F-X	278	72.981	64.574
Q-F-Y	191	15.923	35.200
R-F-A	179	15.836	26.512
R-F-C	166	19.844	30.355
R-F-D	196	20.584	31.252
R-F-E	205	25.045	33.522
R-F-F	181	34.763	30.320
R-F-G	215	35.428	40.228
R-F-H	166	34.092	43.992
R-F-I	190	25.200	36.328
R-F-K	149	12.394	20.389
R-F-L	165	23.822	33.754
R-F-M	156	26.180	40.847
R-F-N	175	27.446	36.247
R-F-P	192	24.188	32.600
R-F-Q	153	22.449	27.905
R-F-R	180	18.317	32.333
R-F-S	164	16.052	25.541
R-F-T	198	16.630	31.159
R-F-V	189	22.971	32.902
R-F-W	124	26.639	35.218
R-F-X	245	75.623	62.983
R-F-Y	184	21.082	27.469
S-F-A	211	24.846	36.290
S-F-C	217	27.967	41.161
S-F-D	210	23.760	32.530
S-F-E	200	22.353	31.089
S-F-F	223	29.286	37.979
S-F-G	210	34.837	38.172
S-F-H	200	19.822	31.118
S-F-I	188	24.839	35.708
S-F-K	196	26.061	27.356
S-F-L	192	23.625	35.259
S-F-M	179	15.882	33.161
S-F-N	192	22.444	30.767
S-F-P	156	27.016	26.520
S-F-Q	204	25.955	38.915
S-F-R	191	18.662	25.860
S-F-S	224	28.588	36.536
S-F-T	194	21.156	30.799
S-F-V	182	28.227	34.319
S-F-W	178	15.227	28.096
S-F-X	250	86.916	49.155
S-F-Y	202	22.214	28.395
T-F-A	196	16.308	23.431
T-F-C	126	12.441	24.151
T-F-D	194	19.677	29.426
T-F-E	199	21.325	30.076
T-F-F	190	28.133	40.085
T-F-G	212	32.613	39.288
T-F-H	179	21.720	31.938
T-F-I	154	15.480	24.442
T-F-K	210	16.804	29.075
T-F-L	189	18.521	28.941
T-F-M	116	10.986	20.644
T-F-N	213	23.992	30.801
T-F-P	137	19.654	25.820
T-F-Q	186	19.493	30.009
T-F-R	155	14.744	28.251
T-F-S	194	18.759	26.792
T-F-T	185	11.751	20.423
T-F-V	218	17.755	28.830
T-F-W	107	18.205	24.295
T-F-X	265	65.873	55.202
T-F-Y	198	33.467	42.728
V-F-A	191	16.218	29.422
V-F-C	189	35.296	49.210
V-F-D	197	21.488	27.690
V-F-E	197	20.957	27.654
V-F-F	167	22.540	34.905
V-F-G	214	23.082	33.724
V-F-H	194	31.670	38.685
V-F-I	166	16.143	27.743
V-F-K	177	17.042	25.470
V-F-L	186	16.985	27.284
V-F-M	133	15.860	28.436
V-F-N	192	19.185	32.881
V-F-P	185	21.912	28.029
V-F-Q	153	22.621	21.119
V-F-R	186	24.446	29.709
V-F-S	190	14.529	24.796
V-F-T	206	14.219	25.027
V-F-V	140	13.183	23.162
V-F-W	173	14.959	32.593
V-F-X	232	85.857	63.373
V-F-Y	154	15.499	27.117
W-F-A	146	10.152	21.304
W-F-C	139	24.103	38.867
W-F-D	138	36.661	41.704
W-F-E	150	22.053	31.850
W-F-F	151	38.254	48.688
W-F-G	183	37.718	47.213
W-F-H	106	14.457	20.491
W-F-I	145	20.321	24.475
W-F-K	198	26.822	43.910
W-F-L	132	18.365	30.734
W-F-M	77	11.508	18.561
W-F-N	152	16.930	24.822
W-F-P	186	22.330	23.792
W-F-Q	212	36.389	60.705
W-F-R	142	16.623	28.706
W-F-S	138	19.568	31.233
W-F-T	169	23.042	37.284
W-F-V	137	10.753	20.898
W-F-W	66	23.807	18.593
W-F-Y	138	32.266	45.135
X-F-A	223	30.768	48.592
X-F-C	216	170.33	42.349
X-F-D	226	45.392	61.150
X-F-E	253	75.430	70.604
X-F-G	253	80.548	77.738
X-F-I	233	67.476	78.989
X-F-K	191	78.079	52.439
X-F-L	252	98.613	89.823
X-F-M	262	138.73	79.476
X-F-N	244	90.077	65.206
X-F-P	248	87.597	58.262
X-F-Q	241	98.750	70.598
X-F-R	190	74.112	47.355
X-F-S	253	72.610	77.285
X-F-T	262	69.862	77.881
X-F-V	271	122.80	76.755
X-F-X	324	114.67	100.46
X-F-Y	193	67.375	64.002
Y-F-A	180	17.887	25.339
Y-F-C	158	15.430	25.564
Y-F-D	164	16.579	25.113
Y-F-E	183	25.368	39.711
Y-F-F	105	18.101	21.437
Y-F-G	181	20.016	29.462
Y-F-H	166	31.696	40.153
Y-F-I	150	17.125	26.608
Y-F-K	171	22.373	36.065
Y-F-L	167	13.785	22.342
Y-F-M	143	26.270	27.091
Y-F-N	190	21.073	30.237
Y-F-P	195	23.414	24.834
Y-F-Q	185	24.195	40.592
Y-F-R	177	16.668	28.125
Y-F-S	211	25.106	32.608
Y-F-T	198	18.192	26.299
Y-F-V	170	16.131	28.980
Y-F-W	81	31.621	32.788
Y-F-X	260	91.523	66.489
Y-F-Y	173	18.381	30.467
