A-C-A	120	7.6924	11.783
A-C-C	93	8.7051	16.622
A-C-D	77	13.636	15.922
A-C-E	111	8.0676	14.846
A-C-F	128	6.0331	12.232
A-C-G	135	15.507	22.290
A-C-H	124	24.587	20.703
A-C-I	95	8.9927	16.643
A-C-K	102	10.905	13.579
A-C-L	100	9.4490	16.561
A-C-M	118	7.9898	17.527
A-C-N	109	14.283	20.846
A-C-P	96	17.026	23.196
A-C-Q	91	7.4986	13.291
A-C-R	85	6.8627	12.078
A-C-S	133	11.498	13.912
A-C-T	114	10.448	16.792
A-C-V	115	7.8351	17.952
A-C-W	56	11.513	11.894
A-C-X	141	51.597	41.841
A-C-Y	106	14.755	28.283
C-C-A	67	12.422	14.699
C-C-C	51	20.442	10.345
C-C-D	110	12.658	19.059
C-C-E	38	8.3759	11.416
C-C-F	88	7.6333	10.070
C-C-G	122	22.343	27.920
C-C-H	98	10.812	22.646
C-C-I	90	13.613	24.361
C-C-K	49	7.3333	12.778
C-C-L	62	5.5039	10.747
C-C-N	99	19.277	22.639
C-C-P	64	18.968	12.826
C-C-Q	79	8.6635	18.065
C-C-R	80	13.352	16.103
C-C-S	84	12.340	19.822
C-C-T	67	19.566	12.346
C-C-V	67	6.7525	12.766
C-C-Y	48	22.155	15.360
D-C-A	110	9.0375	15.790
D-C-C	51	11.409	10.958
D-C-D	106	10.712	15.020
D-C-E	113	24.722	29.840
D-C-F	91	10.482	15.522
D-C-G	139	17.728	20.902
D-C-H	98	27.537	28.084
D-C-I	73	6.9421	10.473
D-C-K	44	12.354	12.224
D-C-L	78	10.105	17.146
D-C-M	45	8.1712	13.582
D-C-N	66	14.533	13.073
D-C-P	69	11.569	13.092
D-C-Q	121	14.911	25.150
D-C-R	95	8.1153	18.029
D-C-S	64	13.882	14.195
D-C-T	82	19.831	17.856
D-C-V	109	9.4248	11.860
D-C-W	96	9.6019	14.673
D-C-X	161	88.817	46.172
D-C-Y	79	9.0558	15.067
E-C-A	92	9.8412	15.646
E-C-C	70	15.131	18.046
E-C-D	135	25.149	32.440
E-C-E	132	14.520	20.379
E-C-F	60	13.008	16.349
E-C-G	89	14.310	18.717
E-C-H	103	8.9944	20.233
E-C-I	79	9.7302	13.362
E-C-K	120	10.967	17.638
E-C-L	83	8.2392	16.819
E-C-M	82	16.402	19.635
E-C-N	110	13.258	18.836
E-C-P	66	10.476	11.500
E-C-Q	84	8.0504	16.830
E-C-R	86	12.201	14.711
E-C-S	81	17.115	19.360
E-C-T	103	14.644	16.532
E-C-V	87	10.778	15.042
E-C-W	105	12.062	22.460
E-C-X	217	95.077	49.944
E-C-Y	97	20	25.398
F-C-A	92	2.5973	9.3628
F-C-C	115	7.6786	25.717
F-C-D	71	10.063	14.239
F-C-E	112	7.3977	17.255
F-C-F	90	8.8485	16.757
F-C-G	95	7.7697	11.342
F-C-H	133	4.7717	13.961
F-C-I	63	11.704	15.477
F-C-K	126	19.036	24.423
F-C-L	96	4.9774	12.584
F-C-M	75	4.7925	11.570
F-C-N	119	10.298	15.972
F-C-P	48	9.2527	9.4294
F-C-Q	97	5.6646	17.266
F-C-R	68	9.3927	14.546
F-C-S	86	7.7637	12.609
F-C-T	69	3.9860	10.962
F-C-V	83	6.3562	12.027
F-C-W	63	13.459	21.873
F-C-X	186	85.081	56.318
F-C-Y	69	10.259	15.073
G-C-A	139	13.407	17.784
G-C-C	87	11.911	12.102
G-C-D	111	14.108	19.908
G-C-E	123	6.6659	14.527
G-C-F	98	19.365	21.052
G-C-G	149	14.055	21.251
G-C-H	100	23.817	20.407
G-C-I	118	8.6542	14.812
G-C-K	118	17.454	20.857
G-C-L	132	11.838	21.291
G-C-M	70	8.3090	11.788
G-C-N	83	10.521	14.807
G-C-P	119	14.845	19.112
G-C-Q	107	16.389	17.350
G-C-R	113	15.646	19.168
G-C-S	140	16.002	21.264
G-C-T	103	9.6869	15.567
G-C-V	111	14.948	23.148
G-C-W	77	10.667	16.841
G-C-X	175	88.136	46.692
G-C-Y	77	7.4114	11.108
H-C-A	119	4.0434	11.416
H-C-D	69	9.2012	8.3562
H-C-E	88	16.638	23.483
H-C-F	40	7.6688	7.0769
H-C-G	110	14.252	17.314
H-C-H	84	9.6787	20.924
H-C-I	65	15.226	17.142
H-C-K	66	12.509	19.436
H-C-L	50	3.8759	8.5588
H-C-M	24	2.9302	6.7132
H-C-N	74	18.583	17.619
H-C-P	57	13.276	13.474
H-C-Q	49	7.8723	10.529
H-C-R	51	5.9714	8.7843
H-C-S	39	4.6196	6.0243
H-C-T	48	4.0383	8.3780
H-C-V	97	9.0516	11.577
H-C-W	6	0.84615	1.5515
H-C-Y	53	5.4309	7.0405
I-C-A	138	7.4005	13.733
I-C-C	39	7.6875	9.5409
I-C-D	122	8.9440	15.850
I-C-E	100	10.106	16.180
I-C-F	80	18.168	20.212
I-C-G	84	29.531	26.636
I-C-H	61	2.7237	8.2258
I-C-I	80	5.3603	13.099
I-C-K	107	10.345	16.219
I-C-L	93	10.802	19.689
I-C-M	107	12.632	22.781
I-C-N	76	7.2422	11.483
I-C-P	92	7.3462	14.154
I-C-Q	89	13.996	15.867
I-C-R	58	5.4044	8.6743
I-C-S	79	7.1609	11.979
I-C-T	74	4.9814	11.515
I-C-V	88	4.3419	11.967
I-C-W	70	23.105	25.290
I-C-Y	33	2.2519	5.7613
K-C-A	67	12.157	13.193
K-C-C	51	7.8722	12.017
K-C-D	109	14.610	19.300
K-C-E	119	14.314	17.128
K-C-F	107	18.434	21.382
K-C-G	124	20.562	24.083
K-C-H	73	27.440	24.630
K-C-I	76	11.915	15.097
K-C-K	94	13.599	17.762
K-C-L	91	9.2066	16.340
K-C-M	145	22.054	30.761
K-C-N	119	21.745	29.523
K-C-P	69	11.873	13.718
K-C-Q	133	18.083	30.217
K-C-R	73	13.815	13.717
K-C-S	101	15.733	17.535
K-C-T	139	16.903	20.506
K-C-V	86	12.946	18.860
K-C-W	36	9.7321	8.2097
K-C-X	147	89.009	34.645
K-C-Y	136	11.333	25.009
L-C-A	112	6.7450	13.304
L-C-C	73	6.1850	14.242
L-C-D	94	10.040	15.948
L-C-E	129	9.7200	17.697
L-C-F	87	6.5527	13.519
L-C-G	117	13.407	17.840
L-C-H	98	15.532	22.495
L-C-I	116	4.7293	13.092
L-C-K	91	15.240	21.832
L-C-L	128	12.942	18.389
L-C-M	62	5.0192	9.9024
L-C-N	80	15.430	15.032
L-C-P	106	7.8157	13.773
L-C-Q	120	12.140	18.324
L-C-R	98	9.1547	16.374
L-C-S	117	7.6294	15.736
L-C-T	80	10.948	14.157
L-C-V	105	5.2464	10.965
L-C-W	117	6.4286	20.955
L-C-X	136	57.562	39.591
L-C-Y	106	5.8262	13.612
M-C-A	83	6.2177	12.003
M-C-C	59	17.133	17.420
M-C-D	121	7.2169	14.652
M-C-E	85	12.011	16.651
M-C-G	76	20.611	26.472
M-C-H	51	4.2941	12.074
M-C-I	75	6.4667	13.854
M-C-K	80	23.083	30.610
M-C-L	35	1.4769	4.8764
M-C-M	45	3.3824	9.6429
M-C-N	75	13.029	16.378
M-C-P	36	14.586	9.0770
M-C-Q	43	2.5526	8.4289
M-C-R	92	6.5638	13.445
M-C-S	99	7.4229	16.387
M-C-T	37	6.6484	9.0239
M-C-V	121	10.613	26.214
M-C-Y	47	7.2529	10.710
N-C-A	70	11.303	10.848
N-C-C	52	5.8673	12.125
N-C-D	118	11.707	18.921
N-C-E	125	16.783	24.414
N-C-F	104	17.966	25.740
N-C-G	133	19.117	23.734
N-C-H	127	37.442	37.100
N-C-I	67	7.1968	11.678
N-C-K	129	18.959	27.931
N-C-L	66	7.2753	11.827
N-C-M	46	9.1250	13.008
N-C-N	102	14.900	23.262
N-C-P	83	11.592	14.022
N-C-Q	131	8.8510	17.065
N-C-R	61	12.813	16.780
N-C-S	88	12.854	16.912
N-C-T	119	13.909	15.949
N-C-V	100	12.919	17.520
N-C-W	54	5.6133	11.870
N-C-X	121	56.059	30.820
N-C-Y	78	8.6778	17.979
P-C-A	137	17.976	28.096
P-C-C	94	24.015	28.780
P-C-D	64	17.551	17.082
P-C-E	120	30.768	33.077
P-C-F	53	8.3964	9.9440
P-C-G	133	14.956	21.899
P-C-H	93	27.438	16.401
P-C-I	106	8.2961	12.671
P-C-K	149	19.088	29.372
P-C-L	126	10.111	26.559
P-C-M	51	10.227	8.9851
P-C-N	96	14.626	20.017
P-C-P	53	18.506	13.909
P-C-Q	47	13.354	11.234
P-C-R	95	19.318	24.480
P-C-S	118	15.758	24.678
P-C-T	141	16.120	18.774
P-C-V	106	16.373	18.183
P-C-W	69	6.6719	12.954
P-C-X	156	81.618	47.620
P-C-Y	82	7.1173	13.802
Q-C-A	91	11.297	14.011
Q-C-C	58	8.4148	11.296
Q-C-D	59	15.642	12.940
Q-C-E	64	16.333	18.611
Q-C-F	41	3.9574	9.5362
Q-C-G	95	21.232	21.432
Q-C-H	94	23.288	19.278
Q-C-I	73	15.106	17.435
Q-C-K	64	10.483	16.399
Q-C-L	97	7.8183	12.766
Q-C-M	49	11.694	13.879
Q-C-N	141	12.216	19.210
Q-C-P	77	14.317	12.150
Q-C-Q	116	17.084	21.139
Q-C-R	105	7.3300	15.241
Q-C-S	86	13.837	16.809
Q-C-T	59	14.773	13.213
Q-C-V	76	12.843	18.573
Q-C-W	49	8.0426	15.960
Q-C-X	148	81.750	46.848
Q-C-Y	75	4.3133	10.247
R-C-A	113	9.2244	12.395
R-C-C	41	5.5177	8.0439
R-C-D	70	8.5867	14.294
R-C-E	58	24.962	16.251
R-C-F	68	11.732	14.558
R-C-G	130	11.195	18.755
R-C-H	96	13.740	17.724
R-C-I	65	12.267	17.358
R-C-K	95	13.143	19.697
R-C-L	81	12.184	14.814
R-C-M	71	5.8936	14.745
R-C-N	65	8.3630	11.831
R-C-P	102	13.400	15.164
R-C-Q	107	6.0681	12.377
R-C-R	115	19.917	30.783
R-C-S	119	8.2611	16.609
R-C-T	69	12.930	14.647
R-C-V	71	16.926	18.609
R-C-W	11	0.36574	1.4078
R-C-X	125	78.369	33.024
R-C-Y	91	4.0909	13.602
S-C-A	151	27.773	28.788
S-C-C	105	20.623	28.868
S-C-D	119	16.006	22.450
S-C-E	110	12.328	19.401
S-C-F	78	13.602	18.171
S-C-G	123	20.918	25.373
S-C-H	111	14.459	23.269
S-C-I	96	13.773	17.294
S-C-K	70	6.6363	11.679
S-C-L	136	12.034	20.225
S-C-M	105	17.080	22.866
S-C-N	114	23.188	23.659
S-C-P	96	12.311	13.367
S-C-Q	66	10.008	12.516
S-C-R	108	10.796	18.704
S-C-S	120	17.897	23.783
S-C-T	112	14.296	18.200
S-C-V	117	16.185	24.210
S-C-W	93	9.0791	11.825
S-C-X	181	75.536	51.120
S-C-Y	100	8.2844	16.047
T-C-A	110	9.4650	18.024
T-C-C	80	21.357	24.518
T-C-D	81	13.128	18.011
T-C-E	139	11.608	23.761
T-C-F	83	10.061	14.803
T-C-G	104	13.567	16.418
T-C-H	98	10.255	18.823
T-C-I	58	10.728	11.814
T-C-K	138	12.196	19.190
T-C-L	114	11.497	18.490
T-C-M	41	4.5841	6.6046
T-C-N	130	8.9234	19.288
T-C-P	98	15.909	16.742
T-C-Q	112	12.817	19.162
T-C-R	100	6.3913	14.015
T-C-S	120	14.736	18.464
T-C-T	120	9.8136	14.541
T-C-V	128	6.5017	14.761
T-C-W	43	6.6724	9.5245
T-C-X	162	72.506	36.580
T-C-Y	67	5.4386	12.440
V-C-A	83	9.0113	16.113
V-C-C	59	7.8370	14.221
V-C-D	86	10.783	18.251
V-C-E	124	7.2467	14.115
V-C-F	76	4.1232	11.246
V-C-G	129	15.207	20.936
V-C-H	94	11.267	16.413
V-C-I	74	9.5176	14.204
V-C-K	111	7.2113	11.216
V-C-L	115	7.4031	17.241
V-C-M	67	22.645	25.799
V-C-N	85	12.692	11.918
V-C-P	97	12.514	18.465
V-C-Q	78	8.2280	12.402
V-C-R	107	17.384	28.343
V-C-S	64	4.8540	7.5713
V-C-T	106	8.9717	14.467
V-C-V	66	4.6079	8.5110
V-C-W	62	25.587	22.717
V-C-X	200	67.122	59.187
V-C-Y	74	8.5113	16.253
W-C-A	49	3.9281	7.2694
W-C-D	79	10.077	14.741
W-C-E	96	5.0341	11.224
W-C-F	88	3.9623	12.797
W-C-G	52	5.7190	8.0220
W-C-I	57	6.5686	11.777
W-C-K	20	2.8614	4.1953
W-C-L	14	3.4500	4.2839
W-C-N	94	0.67119	4.9702
W-C-P	40	7.5405	9.8094
W-C-Q	41	10.377	8.0765
W-C-R	21	2.5200	4.7862
W-C-S	13	1.4821	3.5522
W-C-T	32	6.1512	9.3576
W-C-V	61	7.7931	16.094
W-C-Y	20	1.5000	3.8125
X-C-A	112	15.710	32.471
X-C-D	142	49.314	34.580
X-C-E	159	81.063	43.476
X-C-G	166	78.138	43.252
X-C-K	172	46.765	57.807
X-C-L	187	32.395	53.626
X-C-P	138	78.368	24.109
X-C-Q	188	95.333	60.501
X-C-S	149	66.681	42.358
X-C-X	166	42.106	38.455
X-C-Y	102	31.361	32.165
Y-C-A	64	3.9236	8.9429
Y-C-C	34	9.4533	12.348
Y-C-D	106	10.993	18.861
Y-C-E	47	9.6368	13.470
Y-C-F	110	5.3763	11.505
Y-C-G	135	10.632	13.792
Y-C-H	127	11.250	22.992
Y-C-I	87	7.0974	16.064
Y-C-K	92	5.9931	16.702
Y-C-L	115	5.7054	12.982
Y-C-M	60	10.373	18.583
Y-C-N	95	5.7645	10.532
Y-C-P	58	4.9087	8.5472
Y-C-Q	92	7.4475	16.401
Y-C-R	110	8.3525	15.346
Y-C-S	46	5.6960	9.9668
Y-C-T	88	8.1532	17.296
Y-C-V	71	5.4957	11.893
Y-C-W	121	11.831	24.564
Y-C-X	142	50.366	30.204
Y-C-Y	43	6.2083	8.7580
