A-S-A	142	36.096	34.955
A-S-C	140	37.003	30.937
A-S-D	139	42.521	37.407
A-S-E	131	39.283	32.723
A-S-F	129	31.480	30.587
A-S-G	144	44.267	35.718
A-S-H	146	39.302	32.093
A-S-I	131	32.095	31.906
A-S-K	128	43.871	33.686
A-S-L	126	29.638	31.088
A-S-M	127	30.751	30.353
A-S-N	140	47.900	36.202
A-S-P	123	26.020	26.436
A-S-Q	122	46.783	34.439
A-S-R	124	31.801	32.572
A-S-S	140	38.926	36.372
A-S-T	140	43.601	37.310
A-S-V	135	30.127	29.227
A-S-W	120	22.319	26.571
A-S-X	196	88.384	62.661
A-S-Y	133	29.337	34.268
C-S-A	123	52.868	35.915
C-S-C	138	25.458	34.789
C-S-D	124	35.807	36.163
C-S-E	107	48.356	36.086
C-S-F	88	20.709	22.860
C-S-G	136	56.314	43.460
C-S-H	95	15.867	23.863
C-S-I	119	24.802	30.106
C-S-K	132	35.942	35.473
C-S-L	120	38.490	31.031
C-S-M	84	25.872	29.015
C-S-N	139	44.111	32.224
C-S-P	97	21.348	25.125
C-S-Q	122	47.606	42.388
C-S-R	138	42.280	35.127
C-S-S	134	48.204	35.660
C-S-T	133	30.790	34.018
C-S-V	114	22.279	23.738
C-S-W	80	16.292	26.129
C-S-X	191	112.07	43.884
C-S-Y	121	44.742	36.424
D-S-A	138	37.638	31.808
D-S-C	110	20.805	27.233
D-S-D	134	39.917	32.821
D-S-E	135	48.040	30.465
D-S-F	127	30.950	29.205
D-S-G	136	34.257	34.318
D-S-H	129	46.596	39.818
D-S-I	133	35.797	30.196
D-S-K	141	51.283	38.469
D-S-L	129	34.793	31.374
D-S-M	140	30.257	32.473
D-S-N	136	52.896	39.658
D-S-P	120	29.872	24.062
D-S-Q	129	47.732	32.253
D-S-R	133	42.394	40.893
D-S-S	140	49.216	35.572
D-S-T	138	32.178	33.288
D-S-V	132	35.021	30.029
D-S-W	105	26.787	28.767
D-S-X	192	100.48	49.493
D-S-Y	130	36.448	31.652
E-S-A	122	37.647	33.224
E-S-C	120	41.154	35.358
E-S-D	137	39.750	33.030
E-S-E	134	37.042	33.098
E-S-F	119	47.321	34.738
E-S-G	138	42.568	33.257
E-S-H	112	35.904	31.130
E-S-I	135	28.278	29.476
E-S-K	135	41.389	34.217
E-S-L	125	35.438	30.328
E-S-M	102	25.175	28.437
E-S-N	134	37.715	38.572
E-S-P	123	32.442	26.905
E-S-Q	117	42.935	36.429
E-S-R	123	34.919	31.336
E-S-S	135	39.416	39.841
E-S-T	132	37.694	34.362
E-S-V	125	27.534	28.560
E-S-W	130	47.003	30.563
E-S-X	185	90.486	49.884
E-S-Y	125	31.312	30.354
F-S-A	131	25.978	29.178
F-S-C	97	26.831	28.372
F-S-D	141	34.200	28.832
F-S-E	133	35.945	29.104
F-S-F	119	25.794	29.957
F-S-G	134	41.308	32.678
F-S-H	123	30.423	31.477
F-S-I	114	29.132	28.319
F-S-K	137	36.029	28.453
F-S-L	124	27.615	28.262
F-S-M	125	16.744	21.485
F-S-N	132	37.582	31.889
F-S-P	126	21.556	24.239
F-S-Q	124	35.890	32.199
F-S-R	125	29.692	25.356
F-S-S	135	27.853	31.163
F-S-T	112	22.506	27.263
F-S-V	136	26.524	30.915
F-S-W	127	28.991	37.988
F-S-X	187	104.64	47.883
F-S-Y	104	22.967	26.189
G-S-A	145	34.485	35.922
G-S-C	141	28.899	34.916
G-S-D	141	40.440	35.473
G-S-E	135	38.461	35.815
G-S-F	141	33.069	31.202
G-S-G	144	42.387	35.368
G-S-H	138	41.773	33.452
G-S-I	119	27.063	28.440
G-S-K	138	37.955	31.201
G-S-L	130	31.918	32.050
G-S-M	135	29.933	30.621
G-S-N	141	43.662	39.361
G-S-P	128	31.936	28.933
G-S-Q	136	41.794	43.326
G-S-R	138	37.997	32.589
G-S-S	148	49.361	40.394
G-S-T	135	34.717	36.202
G-S-V	140	33.826	29.691
G-S-W	116	25.260	25.446
G-S-X	205	92.007	56.538
G-S-Y	133	34.241	33.437
H-S-A	137	24.502	28.491
H-S-C	107	32.471	33.412
H-S-D	140	37.258	36.469
H-S-E	138	34.852	26.723
H-S-F	128	26.565	30.392
H-S-G	139	37.428	36.353
H-S-H	109	35.570	30.667
H-S-I	118	27.174	31.376
H-S-K	135	33.483	28.831
H-S-L	133	29.413	33.257
H-S-M	113	26.993	25.106
H-S-N	134	44.182	38.802
H-S-P	124	24.412	25.511
H-S-Q	123	31.447	33.090
H-S-R	130	38.138	36.325
H-S-S	130	38.358	35.558
H-S-T	122	27.816	27.274
H-S-V	127	26.491	27.525
H-S-W	115	24.293	27.087
H-S-X	198	109.31	43.297
H-S-Y	128	16.916	24.243
I-S-A	127	26.156	24.426
I-S-C	115	28.600	25.101
I-S-D	135	28.941	28.311
I-S-E	122	32.346	27.670
I-S-F	118	29.129	27.169
I-S-G	136	33.172	35.373
I-S-H	118	34.412	29.588
I-S-I	116	22.673	26.701
I-S-K	130	31.758	30.067
I-S-L	124	31.007	28.946
I-S-M	98	19.697	22.904
I-S-N	142	25.408	26.618
I-S-P	127	28.775	29.208
I-S-Q	121	28.763	30.655
I-S-R	122	31.198	28.227
I-S-S	134	34.861	31.767
I-S-T	136	25.328	29.371
I-S-V	112	26.168	25.639
I-S-W	90	29.497	31.696
I-S-X	165	79.542	51.507
I-S-Y	110	27.153	29.223
K-S-A	122	50.049	30.568
K-S-C	124	47.165	39.127
K-S-D	143	50.124	36.726
K-S-E	122	48.772	32.479
K-S-F	127	37.731	29.171
K-S-G	136	54.890	34.876
K-S-H	134	53.671	30.068
K-S-I	132	27.891	26.978
K-S-K	137	47.151	34.655
K-S-L	120	44.051	32.658
K-S-M	128	25.226	31.303
K-S-N	127	48.232	35.988
K-S-P	129	31.690	28.047
K-S-Q	129	36.014	30.851
K-S-R	129	38.579	33.156
K-S-S	136	45.219	32.084
K-S-T	132	33.743	31.285
K-S-V	130	33.092	29.409
K-S-W	130	38.748	30.575
K-S-X	193	100.06	50.488
K-S-Y	119	41.634	34.189
L-S-A	134	32.409	29.784
L-S-C	127	33.039	28.417
L-S-D	135	37.486	30.616
L-S-E	126	33.177	29.882
L-S-F	127	24.531	27.512
L-S-G	137	36.769	34.220
L-S-H	124	32.953	29.051
L-S-I	121	30.841	29.765
L-S-K	131	35.715	28.400
L-S-L	132	28.279	29.486
L-S-M	117	29.066	29.821
L-S-N	141	34.645	31.358
L-S-P	120	28.336	23.147
L-S-Q	137	41.335	36.019
L-S-R	133	36.823	32.066
L-S-S	145	41.380	34.190
L-S-T	124	36.663	34.957
L-S-V	131	26.894	27.139
L-S-W	110	28.388	25.885
L-S-X	182	91.088	52.370
L-S-Y	112	29.535	29.916
M-S-A	115	33.076	29.608
M-S-C	103	28.630	27.537
M-S-D	118	28.754	27.269
M-S-E	113	31.208	29.827
M-S-F	119	22.566	28.384
M-S-G	126	20.750	27.565
M-S-H	114	25.184	31.241
M-S-I	108	21.540	23.552
M-S-K	136	48.900	33.482
M-S-L	127	44.577	41.115
M-S-M	105	19.457	27.389
M-S-N	120	27.216	33.397
M-S-P	118	26.084	23.066
M-S-Q	114	43.265	29.280
M-S-R	126	45.515	30.713
M-S-S	126	18.398	24.179
M-S-T	113	23.826	27.562
M-S-V	125	25.620	27.575
M-S-W	99	18.287	27.925
M-S-Y	117	17.633	24.512
N-S-A	139	38.801	32.374
N-S-C	109	45.315	32.228
N-S-D	138	38.814	33.820
N-S-E	131	36.358	32.199
N-S-F	112	28.049	28.446
N-S-G	140	45.737	37.566
N-S-H	118	32.121	30.345
N-S-I	124	23.672	29.045
N-S-K	134	49.990	41.237
N-S-L	119	28.440	29.167
N-S-M	112	34.903	31.289
N-S-N	143	51.163	36.439
N-S-P	129	24.228	24.582
N-S-Q	142	37.995	28.688
N-S-R	136	33.463	40.324
N-S-S	140	33.897	31.457
N-S-T	128	39.545	30.791
N-S-V	129	34.311	30.818
N-S-W	124	18.582	20.258
N-S-X	234	82.596	64.041
N-S-Y	122	32.109	28.092
P-S-A	141	46.055	35.130
P-S-C	135	51.118	34.866
P-S-D	140	52.315	38.256
P-S-E	132	51.369	36.065
P-S-F	124	43.736	35.631
P-S-G	140	54.582	39.195
P-S-H	139	53.563	38.453
P-S-I	138	30.607	31.512
P-S-K	141	52.519	32.942
P-S-L	125	45.658	32.791
P-S-M	110	31.209	27.789
P-S-N	137	49.842	38.022
P-S-P	117	32.271	27.823
P-S-Q	139	51.918	37.390
P-S-R	127	60.474	34.995
P-S-S	142	48.283	38.515
P-S-T	135	38.839	35.107
P-S-V	132	39.406	30.530
P-S-W	123	45.327	35.132
P-S-X	199	126.78	49.530
P-S-Y	131	46.049	33.555
Q-S-A	131	26.731	29.969
Q-S-C	117	40.197	34.770
Q-S-D	137	60.275	36.874
Q-S-E	131	46.392	33.681
Q-S-F	118	34.587	30.929
Q-S-G	142	48.691	37.997
Q-S-H	134	30.137	23.475
Q-S-I	133	38.108	29.921
Q-S-K	137	46.541	36.378
Q-S-L	127	34.882	31.640
Q-S-M	110	38.733	30.665
Q-S-N	141	41.266	41.001
Q-S-P	121	30.456	28.841
Q-S-Q	121	38.988	35.196
Q-S-R	135	25.731	28.148
Q-S-S	142	46.640	42.989
Q-S-T	114	31.553	33.476
Q-S-V	116	35.943	31.985
Q-S-W	135	46.432	33.763
Q-S-X	177	91.932	50.322
Q-S-Y	129	29.772	35.601
R-S-A	127	30.816	30.485
R-S-C	118	31.343	31.050
R-S-D	136	47.263	34.498
R-S-E	133	44.467	35.221
R-S-F	122	33.743	31.741
R-S-G	139	39.318	35.609
R-S-H	112	33.376	35.745
R-S-I	120	26.699	28.026
R-S-K	128	39.341	32.665
R-S-L	131	35.717	29.579
R-S-M	128	28.684	33.875
R-S-N	139	43.667	35.755
R-S-P	124	22.028	26.249
R-S-Q	131	39.585	30.755
R-S-R	125	37.216	33.805
R-S-S	140	30.212	28.998
R-S-T	123	24.377	32.620
R-S-V	126	26.841	27.904
R-S-W	118	36.338	27.835
R-S-X	192	99.774	50.872
R-S-Y	124	37.762	32.211
S-S-A	137	42.629	36.429
S-S-C	125	37.888	28.490
S-S-D	141	50.091	36.466
S-S-E	134	50.238	34.649
S-S-F	123	33.994	32.072
S-S-G	140	56.619	37.224
S-S-H	128	43.774	39.663
S-S-I	132	36.488	29.034
S-S-K	139	46.011	37.122
S-S-L	134	40.333	33.029
S-S-M	128	34.358	30.114
S-S-N	142	54.394	42.668
S-S-P	132	38.001	31.533
S-S-Q	129	50.641	35.517
S-S-R	138	48.267	36.292
S-S-S	141	52.593	40.206
S-S-T	139	47.061	43.053
S-S-V	127	35.374	35.204
S-S-W	117	37.602	31.214
S-S-X	195	102.05	56.311
S-S-Y	119	34.422	31.616
T-S-A	142	36.793	37.349
T-S-C	117	46.468	34.093
T-S-D	139	44.559	35.207
T-S-E	142	43.928	35.059
T-S-F	123	30.308	30.972
T-S-G	143	50.426	34.846
T-S-H	122	39.542	31.465
T-S-I	122	27.564	29.490
T-S-K	132	43.172	36.304
T-S-L	132	29.963	31.995
T-S-M	119	28.298	33.435
T-S-N	135	48.570	37.459
T-S-P	120	37.887	31.118
T-S-Q	136	42.848	36.548
T-S-R	131	30.985	29.812
T-S-S	143	45.400	39.804
T-S-T	140	35.748	34.915
T-S-V	128	29.067	30.510
T-S-W	124	22.476	27.362
T-S-X	194	100.12	54.450
T-S-Y	127	37.319	28.228
V-S-A	132	25.571	27.909
V-S-C	107	24.130	26.392
V-S-D	129	35.764	28.523
V-S-E	117	34.045	29.973
V-S-F	128	26.399	26.859
V-S-G	140	37.395	33.628
V-S-H	119	30.513	29.785
V-S-I	120	28.140	29.929
V-S-K	130	40.623	33.637
V-S-L	128	23.409	27.685
V-S-M	115	17.596	26.192
V-S-N	136	30.124	31.419
V-S-P	124	24.969	26.827
V-S-Q	124	37.232	34.403
V-S-R	136	30.368	30.011
V-S-S	136	30.863	30.759
V-S-T	139	25.819	27.093
V-S-V	130	24.288	26.994
V-S-W	119	25.138	31.752
V-S-X	211	81.790	46.909
V-S-Y	128	31.282	26.970
W-S-A	114	21.103	25.048
W-S-D	134	30.383	28.170
W-S-E	121	27.250	29.211
W-S-F	106	20.879	27.902
W-S-G	127	26.084	32.476
W-S-H	134	37.385	32.327
W-S-I	95	24.031	34.424
W-S-K	132	53.897	33.913
W-S-L	114	17.504	23.768
W-S-M	119	28.598	34.460
W-S-N	116	36.750	24.191
W-S-P	113	20.220	24.079
W-S-Q	127	34.881	30.775
W-S-R	119	34.151	30.848
W-S-S	128	32.216	33.272
W-S-T	84	21.140	23.680
W-S-V	102	16.242	23.215
W-S-W	102	20.035	18.682
W-S-X	160	100.49	23.327
W-S-Y	92	16.655	20.361
X-S-A	187	93.354	53.216
X-S-C	176	101.42	51.790
X-S-D	188	96.857	44.871
X-S-E	185	92.544	45.172
X-S-F	182	100.29	42.644
X-S-G	190	98.502	54.224
X-S-H	176	103.99	44.175
X-S-I	176	91.092	45.838
X-S-K	187	90.931	48.124
X-S-L	182	76.616	48.649
X-S-M	187	90.257	51.424
X-S-N	182	86.259	50.055
X-S-P	175	99.101	41.795
X-S-Q	181	87.384	40.738
X-S-R	186	102.85	47.884
X-S-S	185	100.07	52.221
X-S-T	189	110.81	47.754
X-S-V	182	90.592	45.718
X-S-W	164	107.47	41.607
X-S-X	240	57.500	63.484
X-S-Y	176	98.540	41.099
Y-S-A	124	28.135	28.834
Y-S-C	144	36.524	40.220
Y-S-D	133	33.922	30.151
Y-S-E	119	30.107	28.950
Y-S-F	118	18.405	26.057
Y-S-G	138	43.691	40.596
Y-S-H	112	23.597	26.314
Y-S-I	114	24.941	26.244
Y-S-K	107	33.031	29.923
Y-S-L	112	20.924	25.154
Y-S-M	119	18.563	27.986
Y-S-N	135	37.493	32.304
Y-S-P	108	24.623	28.999
Y-S-Q	137	34.425	33.772
Y-S-R	118	24.638	23.523
Y-S-S	112	33.077	28.598
Y-S-T	133	36.746	30.908
Y-S-V	119	24.119	25.945
Y-S-W	102	23.157	27.056
Y-S-X	175	71.507	53.653
Y-S-Y	128	35.024	31.296
