A-I-A	167	15.373	25.362
A-I-C	143	25.699	29.610
A-I-D	172	18.506	24.545
A-I-E	148	18.540	27.621
A-I-F	152	12.358	23.222
A-I-G	187	29.401	34.141
A-I-H	148	12.479	23.431
A-I-I	161	11.953	24.701
A-I-K	179	14.389	26.535
A-I-L	179	13.693	25.927
A-I-M	109	12.586	22.247
A-I-N	177	16.322	25.223
A-I-P	155	28.106	34.789
A-I-Q	134	13.846	23.851
A-I-R	154	13.453	23.437
A-I-S	177	17.831	28.037
A-I-T	166	15.342	28.622
A-I-V	143	14.132	26.584
A-I-W	126	13.584	23.782
A-I-X	247	82.484	63.934
A-I-Y	168	15.039	24.711
C-I-A	125	19.929	31.119
C-I-C	183	26.308	47.788
C-I-D	132	29.247	37.548
C-I-E	155	13.908	24.450
C-I-F	99	10.472	24.011
C-I-G	147	19.505	31.526
C-I-H	145	19.264	26.345
C-I-I	104	12.627	21.790
C-I-K	173	26.435	39.587
C-I-L	135	20.219	28.899
C-I-M	78	8.2474	15.914
C-I-N	151	17.221	24.861
C-I-P	127	29.946	32.229
C-I-Q	118	34.989	31.934
C-I-R	140	10.391	27.790
C-I-S	143	21.708	32.852
C-I-T	117	12.008	22.704
C-I-V	108	6.9573	16.850
C-I-X	225	60.194	47.202
C-I-Y	133	19.796	31.874
D-I-A	157	17.357	27.938
D-I-C	159	20.503	30.647
D-I-D	160	21.303	32.465
D-I-E	169	21.121	26.415
D-I-F	144	13.616	24.482
D-I-G	157	26.011	32.324
D-I-H	146	21.694	32.117
D-I-I	157	13.818	25.182
D-I-K	167	23.702	33.217
D-I-L	160	17.054	27.370
D-I-M	162	9.0400	20.004
D-I-N	176	29.573	36.018
D-I-P	161	25.755	26.557
D-I-Q	162	16.658	24.208
D-I-R	158	13.967	24.164
D-I-S	171	19.863	27.250
D-I-T	177	18.012	26.831
D-I-V	164	15.796	27.025
D-I-W	142	9.2787	17.020
D-I-X	199	66.315	54.449
D-I-Y	155	14.561	24.494
E-I-A	184	14.139	22.328
E-I-C	138	11.496	19.783
E-I-D	169	21.271	28.335
E-I-E	164	20.109	26.055
E-I-F	161	15.149	22.989
E-I-G	177	24.939	36.204
E-I-H	128	15.464	22.734
E-I-I	164	18.083	26.648
E-I-K	142	19.578	27.776
E-I-L	165	18.650	25.641
E-I-M	116	23.035	26.676
E-I-N	144	14.395	24.696
E-I-P	148	20.647	27.625
E-I-Q	146	12.313	19.654
E-I-R	171	17.628	25.544
E-I-S	178	22.997	30.750
E-I-T	171	19.850	28.677
E-I-V	163	17.153	24.313
E-I-W	151	18.856	31.873
E-I-X	215	44.086	54.485
E-I-Y	136	17.163	29.482
F-I-A	150	12.541	21.372
F-I-C	110	13.117	20.254
F-I-D	141	18.454	25.900
F-I-E	140	21.874	29.757
F-I-F	151	20.040	26.692
F-I-G	172	25.449	38.001
F-I-H	123	12.157	21.954
F-I-I	158	18.545	33.526
F-I-K	115	16.696	20.830
F-I-L	125	25.591	35.328
F-I-M	156	15.733	28.516
F-I-N	130	18.532	25.132
F-I-P	152	21.495	29.738
F-I-Q	168	14.702	31.085
F-I-R	175	13.099	24.671
F-I-S	166	20.297	24.763
F-I-T	152	13.708	23.037
F-I-V	151	25.273	30.372
F-I-W	107	9.4954	22.218
F-I-X	196	57.883	61.534
F-I-Y	121	14.627	24.630
G-I-A	170	19.179	29.905
G-I-C	158	20.665	35.363
G-I-D	178	19.296	25.724
G-I-E	168	21.565	27.125
G-I-F	167	15.026	28.934
G-I-G	197	23.265	32.113
G-I-H	172	16.731	30.795
G-I-I	182	19.588	28.384
G-I-K	174	20.470	26.736
G-I-L	170	16.617	26.714
G-I-M	152	23.977	32.680
G-I-N	183	27.345	33.218
G-I-P	168	22.270	28.627
G-I-Q	183	16.640	23.863
G-I-R	188	17.059	28.568
G-I-S	186	23.014	29.752
G-I-T	175	16.516	24.952
G-I-V	178	17.471	28.930
G-I-W	154	23.444	34.126
G-I-X	228	86.857	64.092
G-I-Y	168	23.589	32.441
H-I-A	147	12.514	22.652
H-I-C	123	17.502	29.453
H-I-D	118	25.035	27.963
H-I-E	152	21.282	29.129
H-I-F	122	21.424	32.082
H-I-G	174	21.957	32.710
H-I-H	89	7.2645	17.527
H-I-I	158	8.4228	20.482
H-I-K	149	9.7413	17.409
H-I-L	170	9.8450	19.915
H-I-M	149	10.330	19.167
H-I-N	100	16.692	22.833
H-I-P	165	14.666	24.033
H-I-Q	147	10.562	19.192
H-I-R	104	14.255	22.014
H-I-S	95	16.236	21.077
H-I-T	152	18.892	29.439
H-I-V	139	8.9848	20.648
H-I-W	152	27.964	37.121
H-I-X	212	73.791	58.327
H-I-Y	101	14.125	22.338
I-I-A	150	15.430	24.685
I-I-C	151	8.2965	22.178
I-I-D	144	18.327	24.889
I-I-E	152	17.982	26.226
I-I-F	126	11.353	20.367
I-I-G	160	12.645	23.864
I-I-H	138	20.102	25.875
I-I-I	153	21.653	36.145
I-I-K	155	20.772	27.577
I-I-L	175	14.793	27.205
I-I-M	121	13.220	24.658
I-I-N	169	13.513	23.453
I-I-P	147	18.078	24.552
I-I-Q	162	17.049	25.082
I-I-R	143	13.801	23.332
I-I-S	159	14.575	23.336
I-I-T	132	11.840	20.262
I-I-V	129	15.076	24.105
I-I-W	105	15.484	28.592
I-I-X	215	68.007	50.760
I-I-Y	145	18.668	30.229
K-I-A	162	17.963	28.917
K-I-C	140	26.705	33.531
K-I-D	171	18.480	23.091
K-I-E	164	20.612	28.572
K-I-F	174	15.707	26.162
K-I-G	204	20.511	30.758
K-I-H	141	17.993	28.096
K-I-I	149	17.869	25.484
K-I-K	166	16.647	25.451
K-I-L	170	20.359	29.440
K-I-M	109	16.328	22.088
K-I-N	176	21.652	28.450
K-I-P	157	21.095	25.468
K-I-Q	143	22.315	30.001
K-I-R	138	14.940	25.108
K-I-S	140	18.016	26.247
K-I-T	176	15.204	23.954
K-I-V	152	20.457	29.514
K-I-W	100	23.981	32.355
K-I-X	221	62.059	53.565
K-I-Y	139	17.070	20.178
L-I-A	136	12.786	20.427
L-I-C	106	12.627	22.262
L-I-D	166	15.440	23.666
L-I-E	154	17.060	25.628
L-I-F	117	13.713	23.739
L-I-G	181	18.754	30.621
L-I-H	143	10.227	18.534
L-I-I	141	12.779	24.234
L-I-K	159	18.781	28.354
L-I-L	152	14.538	24.600
L-I-M	142	16.325	21.366
L-I-N	157	18.576	22.435
L-I-P	138	19.014	26.852
L-I-Q	168	20.784	27.170
L-I-R	176	12.415	23.659
L-I-S	170	20.613	32.198
L-I-T	164	15.832	26.137
L-I-V	163	13.533	25.523
L-I-W	147	12.518	27.869
L-I-X	180	69.982	56.014
L-I-Y	124	15.212	26.866
M-I-A	128	16.176	25.569
M-I-C	156	11.255	18.620
M-I-D	152	21.657	28.754
M-I-E	110	23.134	25.456
M-I-F	169	35.740	46.101
M-I-G	173	16.338	26.360
M-I-H	118	8.5019	20.623
M-I-I	142	15.596	26.598
M-I-K	118	14.539	20.185
M-I-L	127	14.876	23.169
M-I-M	94	22.090	27.103
M-I-N	141	15.856	21.730
M-I-P	157	20.155	29.985
M-I-Q	153	22.648	28.390
M-I-R	189	11.348	19.157
M-I-S	131	16.201	24.929
M-I-T	174	9.9309	18.655
M-I-V	162	14.772	28.022
M-I-W	111	5.4240	14.295
M-I-Y	166	22.315	46.577
N-I-A	144	13.321	22.444
N-I-C	147	22.643	27.359
N-I-D	174	20.236	25.966
N-I-E	143	24.657	29.711
N-I-F	147	20.870	20.114
N-I-G	176	20.153	27.451
N-I-H	161	18.918	26.414
N-I-I	173	14.733	26.213
N-I-K	151	22.601	30.234
N-I-L	151	17.498	25.710
N-I-M	170	18.681	31.371
N-I-N	134	21.094	24.524
N-I-P	150	24.047	26.815
N-I-Q	161	17.566	25.714
N-I-R	155	20.029	27.588
N-I-S	148	19.215	26.036
N-I-T	166	23.432	31.708
N-I-V	164	14.792	23.168
N-I-W	116	21.927	24.773
N-I-X	217	86.047	56.974
N-I-Y	119	19.885	25.999
P-I-A	162	26.903	31.468
P-I-C	156	29.215	36.462
P-I-D	183	22.067	25.625
P-I-E	156	24.955	30.117
P-I-F	159	29.829	44.309
P-I-G	181	29.145	35.925
P-I-H	131	13.149	19.491
P-I-I	162	16.263	26.154
P-I-K	133	27.961	27.927
P-I-L	173	21.328	29.400
P-I-M	168	23.506	31.721
P-I-N	184	32.725	39.269
P-I-P	209	28.719	33.267
P-I-Q	182	24.126	31.032
P-I-R	136	19.190	27.045
P-I-S	167	30.615	36.922
P-I-T	179	23.748	30.173
P-I-V	173	20.150	26.536
P-I-W	163	33.590	39.391
P-I-X	232	92.033	64.576
P-I-Y	139	25.436	30.853
Q-I-A	157	18.247	24.578
Q-I-C	120	15.318	20.528
Q-I-D	124	13.401	21.720
Q-I-E	151	15.705	22.908
Q-I-F	153	13.317	24.515
Q-I-G	178	21.259	26.529
Q-I-H	153	22.800	28.053
Q-I-I	111	14.013	21.141
Q-I-K	175	12.918	22.070
Q-I-L	176	15.634	23.087
Q-I-M	176	17.287	26.306
Q-I-N	149	12.192	24.173
Q-I-P	157	17.453	23.934
Q-I-Q	146	16.155	24.730
Q-I-R	167	14.992	24.517
Q-I-S	148	12.211	21.093
Q-I-T	145	22.350	23.771
Q-I-V	179	20.763	32.339
Q-I-W	121	12.437	21.283
Q-I-X	220	72.024	60.690
Q-I-Y	101	22.067	27.753
R-I-A	152	12.476	21.881
R-I-C	128	21.719	32.286
R-I-D	163	34.563	36.227
R-I-E	140	19.178	25.382
R-I-F	131	15.347	23.562
R-I-G	172	17.358	25.164
R-I-H	134	20.964	30.450
R-I-I	150	10.795	20.774
R-I-K	155	13.979	24.175
R-I-L	163	14.630	26.885
R-I-M	119	16.076	25.677
R-I-N	158	11.825	26.584
R-I-P	164	14.879	21.541
R-I-Q	154	24.828	32.613
R-I-R	167	18.867	27.438
R-I-S	128	16.595	23.211
R-I-T	150	14.930	19.281
R-I-V	162	16.293	26.999
R-I-W	116	8.3243	21.052
R-I-X	221	58.497	55.133
R-I-Y	153	14.900	28.331
S-I-A	177	16.638	25.628
S-I-C	168	29.525	42.051
S-I-D	178	22.506	29.187
S-I-E	162	24.026	31.685
S-I-F	149	17.612	24.105
S-I-G	156	23.103	28.165
S-I-H	165	14.381	24.085
S-I-I	148	13.212	25.393
S-I-K	175	20.034	29.799
S-I-L	168	17.785	28.478
S-I-M	160	24.751	37.707
S-I-N	165	17.622	25.268
S-I-P	170	24.173	28.495
S-I-Q	153	19.398	24.395
S-I-R	154	15.066	28.624
S-I-S	166	17.714	25.163
S-I-T	175	17.137	26.842
S-I-V	159	16.727	24.479
S-I-W	128	17.076	20.426
S-I-X	241	62.529	55.496
S-I-Y	141	16.395	22.715
T-I-A	153	17.050	26.498
T-I-C	154	16.297	31.829
T-I-D	174	21.291	29.333
T-I-E	170	18.853	27.581
T-I-F	115	17.173	28.216
T-I-G	181	18.486	35.407
T-I-H	166	19.467	29.320
T-I-I	138	14.221	23.126
T-I-K	135	10.879	21.829
T-I-L	150	15.020	27.552
T-I-M	148	17.055	33.362
T-I-N	171	17.885	23.151
T-I-P	139	19.653	26.090
T-I-Q	140	18.539	29.510
T-I-R	99	11.813	21.176
T-I-S	159	14.945	24.380
T-I-T	150	11.724	20.406
T-I-V	165	13.226	24.030
T-I-W	129	34.418	34.816
T-I-X	233	88.836	58.969
T-I-Y	142	20.197	27.725
V-I-A	138	11.597	19.710
V-I-C	123	14.297	21.907
V-I-D	141	15.096	23.014
V-I-E	148	19.603	27.354
V-I-F	153	15.145	21.254
V-I-G	158	18.960	27.229
V-I-H	94	8.5058	15.503
V-I-I	126	10.303	21.545
V-I-K	122	14.286	22.467
V-I-L	148	12.460	24.596
V-I-M	143	13.255	25.584
V-I-N	144	12.777	23.007
V-I-P	127	13.923	21.753
V-I-Q	152	19.597	30.127
V-I-R	154	10.996	19.876
V-I-S	178	16.014	27.958
V-I-T	134	11.974	18.892
V-I-V	207	9.2831	20.197
V-I-W	91	8.2190	16.302
V-I-X	225	73.304	61.686
V-I-Y	153	12.880	27.335
W-I-A	128	13.410	27.839
W-I-C	84	8.9565	14.712
W-I-D	139	12.778	22.986
W-I-E	124	9.8233	21.439
W-I-F	126	20.848	35.999
W-I-G	154	19.663	27.350
W-I-H	113	16.180	26.174
W-I-I	55	4.2177	7.3684
W-I-K	133	8.3047	20.885
W-I-L	88	7.2594	14.899
W-I-M	37	4.7750	8.0315
W-I-N	157	9.8848	18.552
W-I-P	145	16.673	25.455
W-I-Q	104	8.1898	19.737
W-I-R	127	29.540	33.053
W-I-S	100	18.254	23.475
W-I-T	106	10.522	19.580
W-I-V	141	6.4797	19.928
W-I-W	103	43.202	36.214
W-I-Y	135	17.685	28.162
X-I-A	235	33.581	53.457
X-I-D	223	41.203	60.587
X-I-E	232	61.625	64.992
X-I-F	199	66.804	75.143
X-I-G	211	56.512	65.094
X-I-H	208	32.807	54.374
X-I-I	210	44.462	62.483
X-I-K	211	81.687	73.699
X-I-L	223	54.622	63.160
X-I-M	230	40.026	61.455
X-I-N	216	85.806	60.818
X-I-P	214	85.494	70.856
X-I-Q	223	106.52	51.544
X-I-R	218	60.413	69.370
X-I-S	224	93.616	60.673
X-I-T	229	85.068	53.820
X-I-V	230	13.274	37.831
X-I-Y	223	49.922	61.519
Y-I-A	149	9.3073	19.421
Y-I-C	127	12.070	21.363
Y-I-D	202	23.888	38.772
Y-I-E	156	12.648	22.700
Y-I-F	122	15.469	27.906
Y-I-G	176	20.849	33.026
Y-I-H	117	14.402	21.780
Y-I-I	148	8.8306	18.086
Y-I-K	145	14.340	24.359
Y-I-L	139	12.921	25.666
Y-I-M	137	15.033	29.040
Y-I-N	125	10.941	18.946
Y-I-P	158	16.901	27.988
Y-I-Q	213	16.035	33.463
Y-I-R	96	8.9897	18.090
Y-I-S	154	12.442	19.985
Y-I-T	184	11.938	20.899
Y-I-V	107	10.650	19.912
Y-I-W	58	8.0556	12.536
Y-I-X	249	92.096	77.291
Y-I-Y	120	16.254	27.020
