A-A-A	120	21.336	26.395
A-A-C	104	15.679	20.735
A-A-D	120	34.406	35.041
A-A-E	111	23.886	28.265
A-A-F	105	17.697	23.511
A-A-G	122	26.139	27.380
A-A-H	112	15.670	24.009
A-A-I	112	12.768	19.703
A-A-K	109	19.410	26.222
A-A-L	112	17.312	25.068
A-A-M	104	16.541	23.786
A-A-N	116	31.982	32.221
A-A-P	98	28.541	26.123
A-A-Q	117	22.376	28.382
A-A-R	115	18.578	25.545
A-A-S	118	27.161	31.538
A-A-T	113	25.558	29.971
A-A-V	113	15.541	22.075
A-A-W	101	18.187	24.088
A-A-X	180	80.355	53.505
A-A-Y	104	15.413	22.016
C-A-A	114	17.209	24.001
C-A-C	113	32.359	36.322
C-A-D	107	17.375	24.907
C-A-E	107	24.859	32.917
C-A-F	104	15.983	22.612
C-A-G	104	8.5808	18.398
C-A-H	92	9.7309	15.457
C-A-I	106	13.071	24.072
C-A-K	96	7.2528	17.466
C-A-L	84	14.253	19.916
C-A-M	110	15.910	23.002
C-A-N	116	28.933	31.229
C-A-P	70	14.664	14.954
C-A-Q	92	16.550	14.889
C-A-R	92	12.721	19.586
C-A-S	107	24.207	23.339
C-A-T	102	13.153	18.810
C-A-V	104	9.0552	17.323
C-A-W	60	14.257	19.775
C-A-X	157	69.921	56.020
C-A-Y	81	19.396	21.916
D-A-A	117	28.223	26.424
D-A-C	90	11.413	18.164
D-A-D	116	31.117	29.308
D-A-E	113	26.871	29.014
D-A-F	108	25.470	27.346
D-A-G	118	28.056	28.977
D-A-H	116	14.917	23.790
D-A-I	112	13.340	20.023
D-A-K	127	25.345	28.308
D-A-L	108	18.953	22.276
D-A-M	90	12.958	17.927
D-A-N	121	31.202	33.293
D-A-P	95	20.631	19.103
D-A-Q	116	22.565	29.288
D-A-R	118	19.168	25.656
D-A-S	126	24.950	27.800
D-A-T	111	25.173	28.396
D-A-V	110	20.479	27.342
D-A-W	108	20.684	25.842
D-A-X	163	60.788	47.362
D-A-Y	103	22.305	20.593
E-A-A	106	21.446	26.960
E-A-C	93	16.363	22.084
E-A-D	121	40.556	36.383
E-A-E	114	28.613	31.233
E-A-F	91	18.996	21.431
E-A-G	116	34.308	30.074
E-A-H	103	23.495	29.631
E-A-I	111	14.552	22.375
E-A-K	110	16.681	23.687
E-A-L	109	16.748	22.760
E-A-M	92	19.796	23.406
E-A-N	117	27.968	32.165
E-A-P	88	24.006	24.520
E-A-Q	105	20.220	25.474
E-A-R	102	18.336	25.362
E-A-S	118	21.873	26.507
E-A-T	117	18.620	27.685
E-A-V	111	15.917	23.401
E-A-W	99	18.550	23.178
E-A-X	173	61.276	53.040
E-A-Y	99	19.227	23.982
F-A-A	106	20.756	25.994
F-A-C	103	19.200	20.771
F-A-D	113	22.512	26.060
F-A-E	107	22.942	25.317
F-A-F	99	17.005	22.398
F-A-G	113	27.966	29.830
F-A-H	93	19.025	23.892
F-A-I	88	9.5559	16.117
F-A-K	98	20.851	25.512
F-A-L	98	11.578	19.188
F-A-M	81	9.2577	16.097
F-A-N	112	24.705	25.808
F-A-P	83	14.898	18.924
F-A-Q	110	22.180	27.094
F-A-R	88	14.130	20.597
F-A-S	110	20.216	24.631
F-A-T	106	21.137	26.185
F-A-V	107	11.415	19.332
F-A-W	84	8.5552	11.565
F-A-X	178	69.218	51.442
F-A-Y	85	10.402	17.521
G-A-A	120	19.805	26.277
G-A-C	122	20.881	24.873
G-A-D	122	28.508	32.968
G-A-E	126	30.555	35.942
G-A-F	113	18.482	21.044
G-A-G	127	27.752	29.600
G-A-H	122	35.614	39.962
G-A-I	104	15.657	21.873
G-A-K	120	18.883	24.912
G-A-L	113	18.450	22.959
G-A-M	108	19.166	28.283
G-A-N	115	22.115	26.442
G-A-P	94	19.965	20.931
G-A-Q	118	22.063	23.488
G-A-R	117	18.330	23.141
G-A-S	115	18.383	23.202
G-A-T	110	18.126	22.808
G-A-V	122	20.205	26.185
G-A-W	116	24.781	28.455
G-A-X	183	70.244	46.968
G-A-Y	111	19.014	24.762
H-A-A	102	16.590	22.253
H-A-C	83	27.130	29.577
H-A-D	119	27.276	27.914
H-A-E	111	21.288	25.173
H-A-F	118	13.293	18.338
H-A-G	110	23.327	26.527
H-A-H	102	22.470	31.993
H-A-I	83	18.095	21.277
H-A-K	118	22.553	27.222
H-A-L	94	12.439	20.721
H-A-M	116	8.9121	20.550
H-A-N	105	17.801	24.012
H-A-P	82	14.987	17.112
H-A-Q	96	31.444	34.939
H-A-R	91	13.620	20.742
H-A-S	103	17.200	21.851
H-A-T	111	12.759	19.897
H-A-V	106	15.385	23.487
H-A-W	86	5.8299	13.510
H-A-X	175	84.246	50.580
H-A-Y	108	15.871	24.186
I-A-A	115	19.857	24.715
I-A-C	67	9.0372	16.260
I-A-D	113	23.470	25.798
I-A-E	104	18.853	23.549
I-A-F	109	12.353	19.956
I-A-G	114	17.361	23.612
I-A-H	93	17.912	23.534
I-A-I	94	10.015	19.380
I-A-K	103	18.867	23.404
I-A-L	108	13.671	22.395
I-A-M	108	12.934	22.227
I-A-N	111	21.746	26.911
I-A-P	86	14.788	17.822
I-A-Q	105	18.615	24.174
I-A-R	99	14.169	21.587
I-A-S	118	25.353	32.125
I-A-T	91	14.296	19.940
I-A-V	100	10.803	20.420
I-A-W	94	16.225	21.088
I-A-X	165	55.989	52.074
I-A-Y	91	12.195	19.760
K-A-A	125	32.873	29.625
K-A-C	98	18.870	23.182
K-A-D	120	30.643	30.354
K-A-E	116	26.638	29.328
K-A-F	108	24.078	25.488
K-A-G	112	34.317	28.276
K-A-H	101	38.732	25.070
K-A-I	100	19.440	21.238
K-A-K	108	25.456	29.056
K-A-L	101	20.306	25.385
K-A-M	104	17.829	21.126
K-A-N	115	32.272	33.252
K-A-P	93	17.463	20.567
K-A-Q	109	24.781	29.314
K-A-R	116	28.739	30.511
K-A-S	117	36.055	34.906
K-A-T	116	18.664	26.482
K-A-V	110	15.431	21.421
K-A-W	84	23.377	22.874
K-A-X	177	90.446	49.929
K-A-Y	104	19.499	23.725
L-A-A	116	18.607	25.840
L-A-C	88	10.038	20.057
L-A-D	120	25.519	28.211
L-A-E	115	22.172	25.425
L-A-F	104	18.365	24.077
L-A-G	120	21.972	26.297
L-A-H	101	23.940	29.649
L-A-I	99	12.296	19.960
L-A-K	117	20.669	24.755
L-A-L	109	17.374	24.324
L-A-M	115	11.447	20.201
L-A-N	119	24.360	27.861
L-A-P	95	20.471	21.632
L-A-Q	114	21.924	27.071
L-A-R	105	18.796	27.452
L-A-S	109	25.332	27.895
L-A-T	115	17.650	23.190
L-A-V	110	13.012	21.333
L-A-W	75	14.536	19.148
L-A-X	178	81.933	48.612
L-A-Y	106	12.716	20.219
M-A-A	112	17.603	24.508
M-A-C	105	18.814	28.579
M-A-D	119	23.737	27.762
M-A-E	117	22.822	30.317
M-A-F	108	17.166	26.267
M-A-G	112	17.136	25.520
M-A-H	84	9.6777	18.063
M-A-I	93	9.9092	16.347
M-A-K	96	20.606	25.062
M-A-L	97	18.506	25.248
M-A-M	102	10.767	20.785
M-A-N	98	14.784	23.733
M-A-P	80	15.701	17.954
M-A-Q	104	18.491	25.099
M-A-R	103	15.975	24.255
M-A-S	109	30.178	33.910
M-A-T	108	11.345	21.682
M-A-V	96	14.946	23.481
M-A-W	85	10.509	16.746
M-A-X	172	109.61	48.191
M-A-Y	98	10.155	17.358
N-A-A	118	26.223	25.509
N-A-C	118	22.225	23.100
N-A-D	122	32.939	31.886
N-A-E	115	29.273	26.973
N-A-F	97	14.697	20.842
N-A-G	123	28.709	29.351
N-A-H	88	22.086	22.562
N-A-I	92	14.976	19.883
N-A-K	115	41.207	36.887
N-A-L	111	22.791	26.921
N-A-M	94	20.746	26.044
N-A-N	113	28.170	30.718
N-A-P	87	15.598	18.239
N-A-Q	121	27.833	31.139
N-A-R	99	19.039	24.178
N-A-S	113	21.234	25.007
N-A-T	105	22.840	28.378
N-A-V	107	16.012	24.259
N-A-W	94	25.610	21.207
N-A-X	171	65.855	50.119
N-A-Y	101	18.286	22.229
P-A-A	117	32.847	31.693
P-A-C	109	23.438	30.028
P-A-D	119	42.507	33.671
P-A-E	116	42.568	31.641
P-A-F	104	26.214	25.104
P-A-G	115	43.138	37.171
P-A-H	114	28.205	30.686
P-A-I	108	22.030	25.263
P-A-K	118	33.417	31.078
P-A-L	112	26.870	27.422
P-A-M	104	22.358	23.563
P-A-N	120	46.352	32.456
P-A-P	99	30.619	28.340
P-A-Q	112	36.237	27.419
P-A-R	106	31.703	33.398
P-A-S	117	35.987	30.604
P-A-T	116	32.784	29.970
P-A-V	111	26.514	27.608
P-A-W	104	28.634	28.049
P-A-X	191	87.423	50.166
P-A-Y	96	20.240	22.566
Q-A-A	110	21.322	26.646
Q-A-C	101	15.107	18.909
Q-A-D	122	34.515	34.431
Q-A-E	114	25.763	26.754
Q-A-F	103	16.606	23.315
Q-A-G	119	33.170	29.357
Q-A-H	89	24.917	26.307
Q-A-I	109	14.107	21.728
Q-A-K	107	18.648	26.393
Q-A-L	115	19.307	24.462
Q-A-M	101	22.015	26.823
Q-A-N	100	25.696	28.408
Q-A-P	99	25.404	24.850
Q-A-Q	108	21.839	29.940
Q-A-R	110	16.094	25.793
Q-A-S	120	24.972	27.926
Q-A-T	109	19.500	19.905
Q-A-V	100	17.638	20.245
Q-A-W	87	18.311	20.257
Q-A-X	168	80.672	50.187
Q-A-Y	111	17.626	21.783
R-A-A	113	27.822	30.070
R-A-C	90	13.821	17.225
R-A-D	118	38.965	32.687
R-A-E	113	23.977	29.785
R-A-F	112	19.353	23.910
R-A-G	120	28.132	27.487
R-A-H	113	26.678	31.399
R-A-I	116	17.033	23.198
R-A-K	119	18.064	27.670
R-A-L	105	18.905	23.543
R-A-M	100	17.437	26.205
R-A-N	118	29.017	30.674
R-A-P	99	15.767	20.356
R-A-Q	108	30.563	29.408
R-A-R	109	25.899	30.949
R-A-S	105	20.407	27.519
R-A-T	113	21.339	25.469
R-A-V	113	15.262	22.346
R-A-W	86	20.038	17.709
R-A-X	176	81.935	46.079
R-A-Y	93	25.483	26.108
S-A-A	119	27.100	29.275
S-A-C	113	18.268	25.417
S-A-D	118	31.499	29.824
S-A-E	111	30.286	29.670
S-A-F	107	23.626	26.905
S-A-G	111	30.513	27.702
S-A-H	112	15.316	22.075
S-A-I	106	15.149	21.705
S-A-K	117	24.441	29.092
S-A-L	113	27.621	28.059
S-A-M	110	17.927	25.565
S-A-N	120	26.691	30.190
S-A-P	95	30.100	23.559
S-A-Q	112	33.392	34.629
S-A-R	119	22.455	26.464
S-A-S	121	22.984	26.592
S-A-T	105	20.177	26.278
S-A-V	115	17.809	22.479
S-A-W	94	13.744	22.564
S-A-X	171	76.010	45.869
S-A-Y	103	21.688	23.296
T-A-A	126	20.391	25.714
T-A-C	113	18.507	24.993
T-A-D	121	30.327	31.005
T-A-E	117	25.395	30.022
T-A-F	102	18.708	23.797
T-A-G	117	23.778	26.991
T-A-H	107	13.977	22.868
T-A-I	104	12.656	19.888
T-A-K	117	21.012	23.938
T-A-L	107	20.528	24.940
T-A-M	114	13.852	24.082
T-A-N	111	23.175	29.460
T-A-P	95	20.543	21.004
T-A-Q	110	21.166	27.078
T-A-R	115	15.311	23.547
T-A-S	119	22.275	27.195
T-A-T	116	19.541	26.551
T-A-V	108	14.929	21.646
T-A-W	108	22.729	30.106
T-A-X	170	71.437	52.676
T-A-Y	96	11.405	19.995
V-A-A	121	19.924	25.072
V-A-C	95	25.259	27.279
V-A-D	113	20.235	26.156
V-A-E	116	19.514	24.364
V-A-F	97	18.020	26.529
V-A-G	118	21.453	25.945
V-A-H	94	24.754	26.623
V-A-I	105	8.0498	16.634
V-A-K	105	17.239	23.244
V-A-L	105	12.496	19.967
V-A-M	101	10.605	19.315
V-A-N	104	16.855	24.463
V-A-P	104	18.815	20.093
V-A-Q	106	19.206	23.204
V-A-R	99	18.481	24.916
V-A-S	115	23.360	26.868
V-A-T	110	17.950	22.909
V-A-V	105	11.777	19.363
V-A-W	89	15.800	17.978
V-A-X	167	65.987	49.180
V-A-Y	120	16.106	23.115
W-A-A	96	14.996	23.150
W-A-C	59	5.0093	12.389
W-A-D	112	22.771	26.716
W-A-E	101	28.543	27.308
W-A-F	95	9.0684	16.744
W-A-G	103	18.680	22.175
W-A-H	86	13.735	18.769
W-A-I	100	13.543	18.315
W-A-K	99	25.536	24.181
W-A-L	98	12.411	19.705
W-A-M	69	8.3233	12.457
W-A-N	83	17.165	18.868
W-A-P	95	28.499	25.592
W-A-Q	78	16.747	25.096
W-A-R	92	19.869	29.253
W-A-S	94	15.808	21.242
W-A-T	111	14.582	18.971
W-A-V	81	8.7308	15.750
W-A-W	74	11.738	13.003
W-A-X	131	66.471	36.165
W-A-Y	72	10.426	17.036
X-A-A	170	71.144	50.636
X-A-C	158	98.669	48.217
X-A-D	166	84.525	48.804
X-A-E	166	80.101	46.019
X-A-F	165	55.139	50.837
X-A-G	167	81.615	51.508
X-A-H	164	73.850	56.818
X-A-I	160	78.979	47.797
X-A-K	164	58.669	46.962
X-A-L	169	59.951	48.318
X-A-M	161	106.70	35.345
X-A-N	160	71.596	41.115
X-A-P	152	79.916	40.860
X-A-Q	164	87.818	45.739
X-A-R	161	69.541	49.501
X-A-S	166	94.201	45.738
X-A-T	158	74.235	38.098
X-A-V	164	84.495	48.736
X-A-W	143	27.132	36.575
X-A-X	157	62	50.791
X-A-Y	158	54.212	49.677
Y-A-A	101	12.453	20.547
Y-A-C	84	9.6577	13.176
Y-A-D	111	20.405	23.905
Y-A-E	111	18.195	25.426
Y-A-F	81	11.957	19.202
Y-A-G	109	19.786	25.920
Y-A-H	90	10.417	18.421
Y-A-I	98	17.266	25.507
Y-A-K	106	17.421	23.262
Y-A-L	98	9.2572	16.739
Y-A-M	98	15.373	20.677
Y-A-N	108	22.262	25.818
Y-A-P	85	14.793	18.854
Y-A-Q	94	19.167	23.670
Y-A-R	119	12.633	22.307
Y-A-S	119	19.880	25.885
Y-A-T	113	14.846	22.857
Y-A-V	94	9.5484	17.236
Y-A-W	77	9.7092	16.852
Y-A-X	156	78.459	45.195
Y-A-Y	83	15.367	20.958
