A-L-A	173	20.720	29.119
A-L-C	141	21.230	29.117
A-L-D	174	21.325	28.856
A-L-E	178	21.167	29.510
A-L-F	145	17.101	27.259
A-L-G	215	25.724	33.840
A-L-H	174	19.503	31.451
A-L-I	158	17.577	29.157
A-L-K	180	21.126	30.294
A-L-L	181	16.265	26.440
A-L-M	149	19.184	29.327
A-L-N	178	23.742	34.017
A-L-P	183	24.214	27.772
A-L-Q	175	19.188	29.708
A-L-R	167	16.141	25.783
A-L-S	188	22.181	29.084
A-L-T	183	17.919	31.095
A-L-V	191	16.112	28.160
A-L-W	182	20.013	28.212
A-L-X	245	81.466	51.685
A-L-Y	157	17.884	25.294
C-L-A	178	12.994	25.873
C-L-C	131	11.310	26.034
C-L-D	146	14.399	26.591
C-L-E	163	27.680	36.236
C-L-F	118	14.851	25.661
C-L-G	163	32.770	33.765
C-L-H	119	16.214	23.681
C-L-I	157	22.804	27.366
C-L-K	205	28.303	34.893
C-L-L	135	11.779	20.551
C-L-M	127	15.349	24.992
C-L-N	188	32.560	36.596
C-L-P	124	25.013	24.168
C-L-Q	183	25.477	38.259
C-L-R	151	14.761	24.365
C-L-S	152	21.920	28.522
C-L-T	152	15.994	31.575
C-L-V	149	18.583	33.170
C-L-W	40	7.3864	9.9469
C-L-X	211	114.76	58.506
C-L-Y	123	17.031	20.660
D-L-A	166	19.535	27.722
D-L-C	151	16.273	29.200
D-L-D	177	20.470	28.317
D-L-E	172	29.243	32.607
D-L-F	147	20.789	26.011
D-L-G	173	30.372	33.847
D-L-H	145	33.427	34.327
D-L-I	175	16.045	25.015
D-L-K	186	17.974	28.975
D-L-L	185	19.033	27.295
D-L-M	164	23.917	30.725
D-L-N	166	21.730	27.096
D-L-P	174	24.761	27.592
D-L-Q	144	19.303	26.220
D-L-R	149	20.588	28.583
D-L-S	177	25.697	27.859
D-L-T	169	25.117	32.610
D-L-V	172	19.612	29.005
D-L-W	198	20.576	41.240
D-L-X	219	73.142	59.581
D-L-Y	148	22.379	28.064
E-L-A	180	18.803	27.199
E-L-C	210	16.689	28.305
E-L-D	191	18.714	28.688
E-L-E	165	18.435	29.860
E-L-F	147	21.065	25.779
E-L-G	175	29.859	33.429
E-L-H	126	24.120	29.053
E-L-I	162	18.519	27.646
E-L-K	169	17.462	26.139
E-L-L	186	18.362	25.754
E-L-M	159	23.661	33.276
E-L-N	169	21.649	28.561
E-L-P	179	20.816	23.048
E-L-Q	174	20.365	32.563
E-L-R	178	18.272	27.703
E-L-S	184	22.820	31.082
E-L-T	196	19.886	31.865
E-L-V	168	24.183	31.563
E-L-W	149	12.098	22.587
E-L-X	223	79.324	57.812
E-L-Y	164	16.568	26.256
F-L-A	169	16.001	25.308
F-L-C	140	12.751	24.370
F-L-D	183	18.378	25.167
F-L-E	173	17.894	27.070
F-L-F	151	12.302	21.808
F-L-G	169	22.791	30.910
F-L-H	128	22.165	31.405
F-L-I	132	15.091	24.647
F-L-K	197	19.352	27.229
F-L-L	157	15.565	26.881
F-L-M	95	9.7771	16.771
F-L-N	185	17.648	30.023
F-L-P	130	26.121	30.286
F-L-Q	128	20.677	30.364
F-L-R	174	20.546	29.520
F-L-S	237	27.249	33.256
F-L-T	166	16.987	25.255
F-L-V	164	14.624	24.902
F-L-W	129	19.692	29.946
F-L-X	216	94.902	53.565
F-L-Y	133	20.625	30.368
G-L-A	185	21.382	29.412
G-L-C	128	27.375	32.618
G-L-D	189	20.956	27.913
G-L-E	191	24.203	28.522
G-L-F	169	17.441	30.008
G-L-G	195	32.280	41.443
G-L-H	190	24.927	32.793
G-L-I	188	21.338	31.051
G-L-K	169	22.268	28.920
G-L-L	173	21.040	29.139
G-L-M	146	19.522	28.749
G-L-N	185	25.487	31.072
G-L-P	170	27.168	30.332
G-L-Q	185	18.967	31.248
G-L-R	186	21.579	25.963
G-L-S	193	20.932	27.354
G-L-T	179	20.719	27.281
G-L-V	189	25.128	32.772
G-L-W	135	22.569	27.979
G-L-X	240	81.715	54.261
G-L-Y	210	24.835	36.931
H-L-A	174	21.692	33.295
H-L-C	145	25.826	29.898
H-L-D	175	20.327	22.830
H-L-E	156	22.728	29.990
H-L-F	117	20.350	29.280
H-L-G	186	24.486	33.286
H-L-H	119	11.152	19.172
H-L-I	141	13.617	22.453
H-L-K	155	16.280	24.799
H-L-L	163	31.308	33.840
H-L-M	121	24.831	31.889
H-L-N	161	18.034	25.531
H-L-P	134	15.197	18.793
H-L-Q	158	29.399	33.490
H-L-R	161	16.490	29.729
H-L-S	169	19.020	25.336
H-L-T	163	19.724	24.649
H-L-V	175	11.219	21.641
H-L-W	143	14.701	25.177
H-L-X	235	86.407	63.726
H-L-Y	155	20.900	34.665
I-L-A	163	19.238	29.227
I-L-C	127	8.5869	18.725
I-L-D	178	18.865	26.931
I-L-E	196	23.511	29.669
I-L-F	146	10.879	22.386
I-L-G	174	19.833	29.858
I-L-H	150	17.746	24.546
I-L-I	172	20.083	32.444
I-L-K	163	17.169	25.921
I-L-L	146	14.952	25.433
I-L-M	156	14.321	26.311
I-L-N	164	21.132	28.892
I-L-P	145	20.440	24.927
I-L-Q	172	19.303	28.523
I-L-R	163	23.488	31.304
I-L-S	166	23.374	26.876
I-L-T	162	13.234	27.049
I-L-V	158	12.306	22.142
I-L-W	84	9.8833	19.940
I-L-X	229	91.169	55.905
I-L-Y	142	14.273	24.900
K-L-A	181	21.062	29.644
K-L-C	124	15.663	26.949
K-L-D	175	23.329	29.496
K-L-E	177	23.661	33.356
K-L-F	166	19.284	27.753
K-L-G	183	35.111	36.540
K-L-H	147	35.323	35.485
K-L-I	171	19.094	27.962
K-L-K	174	16.166	27.192
K-L-L	164	25.346	30.784
K-L-M	148	18.687	28.080
K-L-N	175	23.234	30.379
K-L-P	155	26.668	29.196
K-L-Q	172	19.436	27.533
K-L-R	155	24.958	30.985
K-L-S	180	21.626	31.417
K-L-T	179	22.871	33.408
K-L-V	181	23.776	31.233
K-L-W	134	22.985	26.065
K-L-X	238	98.205	58.877
K-L-Y	137	23.477	35.802
L-L-A	182	19.520	28.967
L-L-C	129	15.887	21.639
L-L-D	184	19.544	27.623
L-L-E	175	25.496	32.108
L-L-F	157	15.905	25.721
L-L-G	182	22.521	31.447
L-L-H	157	15.996	26.108
L-L-I	179	15.995	26.212
L-L-K	165	19.613	27.783
L-L-L	173	14.535	24.684
L-L-M	139	11.857	18.855
L-L-N	183	24.155	32.714
L-L-P	155	23.265	26.908
L-L-Q	174	19.862	27.552
L-L-R	181	20.244	30.114
L-L-S	180	23.301	30.109
L-L-T	185	16.760	23.851
L-L-V	206	10.444	21.055
L-L-W	142	18.808	29.952
L-L-X	243	82.049	62.020
L-L-Y	150	16.432	26.164
M-L-A	153	20.252	32.601
M-L-C	172	17.873	29.412
M-L-D	153	19.674	29.900
M-L-E	152	17.890	23.120
M-L-F	111	10.859	17.573
M-L-G	172	19.415	31.074
M-L-H	145	17.832	36.036
M-L-I	169	17.486	38.736
M-L-K	180	18.280	31.375
M-L-L	134	17.820	25.140
M-L-M	161	8.1071	17.561
M-L-N	133	15.074	24.854
M-L-P	122	24.986	29.384
M-L-Q	160	11.119	21.125
M-L-R	149	9.6180	20.040
M-L-S	145	24.673	35.312
M-L-T	154	22.987	30.710
M-L-V	150	11.725	24.549
M-L-W	128	9.2536	22.316
M-L-X	195	114.65	49.613
M-L-Y	150	36.093	46.870
N-L-A	185	27.308	35.173
N-L-C	157	33.110	34.466
N-L-D	194	26.859	29.454
N-L-E	191	28.225	32.201
N-L-F	177	18.666	29.599
N-L-G	173	25.936	32.966
N-L-H	179	23.806	34.167
N-L-I	138	15.522	24.502
N-L-K	171	21.136	25.678
N-L-L	174	17.621	26.924
N-L-M	138	19.084	26.952
N-L-N	176	22.776	27.884
N-L-P	140	27.039	26.760
N-L-Q	194	21.690	34.523
N-L-R	177	20.777	32.601
N-L-S	163	23.510	29.870
N-L-T	184	18.821	25.797
N-L-V	192	15.630	24.694
N-L-W	122	9.5393	17.205
N-L-X	245	93.217	52.084
N-L-Y	148	19.165	28.483
P-L-A	173	29.884	34.149
P-L-C	212	27.214	45.261
P-L-D	190	28.809	33.481
P-L-E	183	40.187	43.287
P-L-F	174	22.120	31.775
P-L-G	189	39.488	41.020
P-L-H	195	31.297	41.074
P-L-I	188	22.446	29.410
P-L-K	165	34.957	35.289
P-L-L	175	23.239	32.622
P-L-M	184	20.780	27.844
P-L-N	176	38.113	40.277
P-L-P	170	38.747	31.504
P-L-Q	176	31.397	36.019
P-L-R	178	26.615	35.560
P-L-S	181	35.360	38.399
P-L-T	186	27.192	32.148
P-L-V	185	28.289	34.603
P-L-W	179	26.732	30.622
P-L-X	226	94.237	70.346
P-L-Y	162	25.540	30.714
Q-L-A	176	22.969	30.724
Q-L-C	143	19.775	28.834
Q-L-D	163	17.112	26.410
Q-L-E	167	16.930	26.827
Q-L-F	173	19.297	25.971
Q-L-G	192	42.454	38.041
Q-L-H	156	24.067	32.997
Q-L-I	159	23.845	33.235
Q-L-K	161	30.615	45.116
Q-L-L	156	18.311	29.528
Q-L-M	135	17.280	25.236
Q-L-N	166	20.599	25.510
Q-L-P	148	24.023	25.329
Q-L-Q	169	21.654	30.690
Q-L-R	178	14.940	25.924
Q-L-S	158	21.968	27.327
Q-L-T	167	22.893	25.455
Q-L-V	171	22.733	27.451
Q-L-W	165	18.324	27.720
Q-L-X	225	55.154	59.833
Q-L-Y	162	18.965	32.001
R-L-A	162	19.667	26.998
R-L-C	143	21.749	31.541
R-L-D	166	20.587	26.143
R-L-E	157	19.151	29.725
R-L-F	160	18.812	27.676
R-L-G	187	26.138	33.884
R-L-H	165	22.804	33.630
R-L-I	182	16.341	28.072
R-L-K	158	24.540	30.328
R-L-L	170	17.606	24.911
R-L-M	168	25.719	39.292
R-L-N	180	27.421	34.649
R-L-P	174	21.572	30.266
R-L-Q	152	18.288	29.179
R-L-R	181	17.070	27.067
R-L-S	161	20.145	27.647
R-L-T	172	21.235	31.574
R-L-V	185	16.902	27.864
R-L-W	130	22.670	35.095
R-L-X	227	94.808	47.458
R-L-Y	173	19.543	31.779
S-L-A	177	22.451	30.066
S-L-C	183	31.815	47.868
S-L-D	182	29.533	35.911
S-L-E	185	30.968	37.282
S-L-F	183	25.763	35.274
S-L-G	188	28.203	36.546
S-L-H	164	21.122	32.445
S-L-I	181	18.513	27.642
S-L-K	187	25.766	31.532
S-L-L	186	19.117	30.676
S-L-M	162	21.242	31.903
S-L-N	164	32.556	34.253
S-L-P	168	25.867	23.456
S-L-Q	172	22.236	32.096
S-L-R	187	21.652	28.873
S-L-S	193	23.702	29.468
S-L-T	178	24.072	33.413
S-L-V	175	22.708	31.165
S-L-W	148	14.930	26.156
S-L-X	244	83.471	56.127
S-L-Y	182	21.378	31.448
T-L-A	174	19.145	29.075
T-L-C	151	18.095	30.103
T-L-D	198	28.275	35.347
T-L-E	181	25.669	32.026
T-L-F	157	19.555	26.220
T-L-G	187	20.602	27.783
T-L-H	183	17.396	28.078
T-L-I	184	15.873	25.690
T-L-K	170	15.415	24.331
T-L-L	148	16.055	25.929
T-L-M	144	19.494	25.715
T-L-N	167	21.882	29.400
T-L-P	161	29.839	32.862
T-L-Q	156	16.000	26.123
T-L-R	146	12.972	23.260
T-L-S	190	22.580	27.145
T-L-T	179	14.273	26.275
T-L-V	178	23.862	35.417
T-L-W	133	11.050	21.884
T-L-X	275	71.932	61.459
T-L-Y	174	19.894	31.864
V-L-A	168	17.181	25.656
V-L-C	171	11.700	22.594
V-L-D	171	22.460	29.363
V-L-E	176	20.409	29.958
V-L-F	145	10.711	24.175
V-L-G	188	19.228	28.930
V-L-H	153	15.888	24.270
V-L-I	156	8.4718	19.064
V-L-K	168	19.023	28.628
V-L-L	156	13.579	25.163
V-L-M	160	13.788	28.623
V-L-N	175	22.245	26.302
V-L-P	165	19.250	25.048
V-L-Q	168	24.791	33.211
V-L-R	158	20.764	30.633
V-L-S	174	18.876	25.741
V-L-T	186	13.788	25.828
V-L-V	155	9.9351	21.069
V-L-W	153	17.521	27.729
V-L-X	227	91.654	56.935
V-L-Y	165	14.199	22.817
W-L-A	159	17.673	35.166
W-L-C	106	19.762	34.153
W-L-D	146	13.841	22.784
W-L-E	155	14.972	22.196
W-L-F	129	19.391	28.401
W-L-G	119	18.289	29.410
W-L-H	122	20.215	31.415
W-L-I	163	21.340	27.359
W-L-K	134	18.771	28.436
W-L-L	115	13.067	27.237
W-L-M	106	22.241	33.719
W-L-N	153	22.363	30.768
W-L-P	134	20.809	26.477
W-L-Q	147	23.108	29.266
W-L-R	127	12.700	22.491
W-L-S	142	19.308	26.424
W-L-T	169	11.398	21.752
W-L-V	173	10.408	20.779
W-L-W	115	29.325	31.851
W-L-X	245	59.746	68.797
W-L-Y	82	5.2449	10.218
X-L-A	232	67.320	71.352
X-L-C	157	53.978	37.513
X-L-D	232	63.915	58.546
X-L-E	268	78.336	71.722
X-L-F	226	58.684	62.262
X-L-G	236	62.452	66.852
X-L-H	220	82.933	52.751
X-L-I	210	60.663	66.730
X-L-K	265	75.840	75.114
X-L-L	229	75.439	64.808
X-L-M	232	79.216	84.839
X-L-N	228	69.745	66.178
X-L-P	227	104.66	49.583
X-L-Q	224	51.305	55.291
X-L-R	228	73.146	71.326
X-L-S	228	84.427	69.915
X-L-T	226	83.057	64.502
X-L-V	228	65.210	67.485
X-L-W	208	67.974	56.215
X-L-X	275	65.508	60.055
X-L-Y	267	54.418	71.388
Y-L-A	169	18.721	30.453
Y-L-C	148	10.987	22.519
Y-L-D	166	20.174	29.386
Y-L-E	140	20.590	26.836
Y-L-F	120	11.697	20.596
Y-L-G	166	21.229	29.671
Y-L-H	122	9.1000	17.989
Y-L-I	137	6.9507	15.639
Y-L-K	169	18.233	27.418
Y-L-L	117	11.855	21.209
Y-L-M	100	8.8457	18.735
Y-L-N	156	15.539	23.600
Y-L-P	196	15.339	21.821
Y-L-Q	153	11.481	20.755
Y-L-R	143	13.672	24.165
Y-L-S	165	16.774	26.502
Y-L-T	144	13.093	20.515
Y-L-V	169	19.901	34.987
Y-L-W	154	10.028	17.643
Y-L-X	249	79.642	52.789
Y-L-Y	156	15.880	33.514
