A-T-A	149	33.387	33.177
A-T-C	151	38.747	37.153
A-T-D	186	52.843	49.095
A-T-E	142	38.849	34.939
A-T-F	142	38.187	34.648
A-T-G	168	37.613	36.458
A-T-H	139	35.269	32.349
A-T-I	143	34.380	33.655
A-T-K	154	46.386	34.571
A-T-L	159	41.682	39.390
A-T-M	136	28.876	33.044
A-T-N	160	52.045	38.380
A-T-P	139	33.844	30.597
A-T-Q	160	45.018	42.138
A-T-R	150	36.782	37.122
A-T-S	157	40.944	40.393
A-T-T	177	35.543	38.277
A-T-V	153	33.795	33.383
A-T-W	135	39.744	34.614
A-T-X	217	81.385	61.437
A-T-Y	149	34.030	30.917
C-T-A	139	40.033	28.970
C-T-C	141	40.738	50.605
C-T-D	148	46.610	46.418
C-T-E	134	43.166	34.057
C-T-F	124	27.971	34.452
C-T-G	144	44.958	42.023
C-T-H	136	44.629	37.997
C-T-I	122	22.880	28.884
C-T-K	143	50.610	35.435
C-T-L	129	24.495	30.879
C-T-M	138	17.708	26.669
C-T-N	125	42.178	44.232
C-T-P	115	40.948	29.769
C-T-Q	146	37.479	44.949
C-T-R	149	32.755	31.716
C-T-S	159	58.371	44.801
C-T-T	131	42.820	38.803
C-T-V	147	33.972	34.121
C-T-W	124	34.652	32.124
C-T-X	193	131.65	37.145
C-T-Y	99	11.448	24.264
D-T-A	162	33.162	32.461
D-T-C	129	31.819	33.025
D-T-D	151	48.268	37.528
D-T-E	155	60.850	40.297
D-T-F	135	35.765	27.958
D-T-G	155	35.508	41.001
D-T-H	150	31.927	32.090
D-T-I	127	37.412	31.692
D-T-K	161	35.879	36.409
D-T-L	171	35.209	33.076
D-T-M	156	24.153	28.952
D-T-N	149	43.731	39.375
D-T-P	135	31.076	33.068
D-T-Q	143	42.639	39.946
D-T-R	145	34.839	34.913
D-T-S	164	43.575	41.132
D-T-T	143	42.359	38.610
D-T-V	145	26.438	29.726
D-T-W	129	38.026	32.699
D-T-X	188	83.054	56.192
D-T-Y	132	42.891	33.639
E-T-A	142	36.037	34.782
E-T-C	139	40.486	35.136
E-T-D	149	52.567	39.209
E-T-E	144	52.111	38.253
E-T-F	143	38.873	33.108
E-T-G	152	58.612	41.871
E-T-H	133	34.015	36.992
E-T-I	149	31.877	35.206
E-T-K	140	39.579	35.641
E-T-L	147	31.974	31.941
E-T-M	132	27.316	27.227
E-T-N	165	41.910	41.531
E-T-P	138	38.214	35.184
E-T-Q	139	43.994	38.926
E-T-R	137	37.069	31.244
E-T-S	147	39.195	37.729
E-T-T	148	46.408	41.645
E-T-V	147	37.146	31.315
E-T-W	155	32.296	34.781
E-T-X	206	125.96	60.892
E-T-Y	130	40.556	31.936
F-T-A	151	33.469	33.191
F-T-C	137	35.887	27.362
F-T-D	137	38.800	36.396
F-T-E	144	37.875	32.155
F-T-F	126	31.359	32.443
F-T-G	153	38.439	36.938
F-T-H	114	25.450	35.522
F-T-I	132	32.168	30.058
F-T-K	138	36.182	31.113
F-T-L	145	36.957	29.733
F-T-M	147	35.446	29.224
F-T-N	161	48.971	36.232
F-T-P	130	45.303	28.403
F-T-Q	139	33.773	28.669
F-T-R	137	32.633	31.245
F-T-S	151	33.609	35.045
F-T-T	123	39.101	34.170
F-T-V	134	26.344	27.586
F-T-W	135	27.492	28.381
F-T-X	202	80.848	72.574
F-T-Y	119	32.382	32.975
G-T-A	161	35.755	33.222
G-T-C	142	44.169	31.992
G-T-D	152	47.518	38.081
G-T-E	150	41.541	37.615
G-T-F	149	37.288	32.980
G-T-G	163	45.562	39.976
G-T-H	160	39.304	41.049
G-T-I	157	33.023	29.631
G-T-K	167	36.622	36.223
G-T-L	159	31.786	32.865
G-T-M	150	29.980	29.053
G-T-N	155	35.406	36.712
G-T-P	152	45.191	35.070
G-T-Q	154	51.609	39.901
G-T-R	154	33.195	33.216
G-T-S	165	41.153	40.732
G-T-T	151	38.362	35.535
G-T-V	151	35.230	29.716
G-T-W	137	40.768	26.274
G-T-X	221	78.758	59.797
G-T-Y	160	42.611	32.290
H-T-A	144	43.924	40.091
H-T-C	86	20.510	20.257
H-T-D	158	43.331	36.353
H-T-E	136	28.400	29.702
H-T-F	131	33.548	29.982
H-T-G	171	52.588	43.470
H-T-H	121	13.642	20.079
H-T-I	125	18.979	23.642
H-T-K	114	23.453	28.014
H-T-L	125	29.642	31.147
H-T-M	136	24.144	25.356
H-T-N	143	36.383	34.267
H-T-P	140	20.466	22.826
H-T-Q	143	32.542	38.128
H-T-R	125	24.347	31.031
H-T-S	136	27.238	32.889
H-T-T	134	22.852	26.216
H-T-V	118	24.711	28.096
H-T-W	129	26.642	27.286
H-T-X	202	89.592	70.117
H-T-Y	120	36.965	33.747
I-T-A	153	34.976	30.253
I-T-C	117	36.755	29.091
I-T-D	145	35.300	35.082
I-T-E	148	36.918	34.528
I-T-F	133	30.472	28.711
I-T-G	153	38.272	38.022
I-T-H	140	33.128	31.922
I-T-I	128	26.408	27.363
I-T-K	136	41.609	31.294
I-T-L	141	34.959	29.497
I-T-M	123	30.953	27.015
I-T-N	130	34.010	32.196
I-T-P	147	32.476	35.376
I-T-Q	142	39.461	37.261
I-T-R	137	42.714	33.647
I-T-S	139	40.330	29.989
I-T-T	143	34.213	29.480
I-T-V	144	36.768	34.630
I-T-W	136	30.709	29.298
I-T-X	190	98.044	66.250
I-T-Y	135	28.226	27.315
K-T-A	144	40.450	34.452
K-T-C	138	45.339	38.939
K-T-D	154	43.486	35.283
K-T-E	156	45.772	35.873
K-T-F	148	42.177	32.405
K-T-G	149	50.838	37.671
K-T-H	140	50.019	33.923
K-T-I	136	35.940	31.329
K-T-K	143	36.281	36.014
K-T-L	174	33.244	32.876
K-T-M	128	43.145	34.140
K-T-N	146	46.953	39.682
K-T-P	149	40.977	33.455
K-T-Q	140	45.253	36.669
K-T-R	133	43.961	38.392
K-T-S	150	46.979	34.014
K-T-T	156	40.225	32.983
K-T-V	137	36.312	33.620
K-T-W	130	38.829	29.179
K-T-X	213	120.21	53.812
K-T-Y	139	41.584	32.734
L-T-A	162	34.571	34.571
L-T-C	136	29.112	31.634
L-T-D	164	43.780	38.667
L-T-E	149	42.137	35.590
L-T-F	137	35.856	30.665
L-T-G	153	41.042	37.228
L-T-H	142	25.233	30.351
L-T-I	141	24.226	26.733
L-T-K	155	40.177	32.937
L-T-L	144	38.868	30.878
L-T-M	132	32.342	33.309
L-T-N	135	36.240	32.367
L-T-P	138	37.532	26.769
L-T-Q	140	37.053	34.001
L-T-R	155	33.270	31.268
L-T-S	157	43.997	39.197
L-T-T	144	36.538	34.072
L-T-V	129	32.572	30.649
L-T-W	136	32.489	25.555
L-T-X	202	93.153	55.683
L-T-Y	143	39.271	34.073
M-T-A	139	32.894	33.752
M-T-C	123	32.261	32.888
M-T-D	141	36.352	33.247
M-T-E	141	40.868	32.958
M-T-F	143	37.039	31.116
M-T-G	163	31.570	32.821
M-T-H	136	48.165	36.471
M-T-I	118	35.018	31.216
M-T-K	124	27.743	30.420
M-T-L	142	31.633	30.439
M-T-M	143	33.237	31.859
M-T-N	123	36.076	33.286
M-T-P	141	40.603	34.692
M-T-Q	133	43.114	31.802
M-T-R	126	27.925	30.002
M-T-S	141	35.163	35.936
M-T-T	131	33.877	35.543
M-T-V	148	27.053	26.211
M-T-W	92	48.959	33.527
M-T-Y	124	23.279	31.736
N-T-A	154	33.920	36.672
N-T-C	110	19.433	25.863
N-T-D	190	67.322	51.430
N-T-E	144	44.032	32.359
N-T-F	144	32.746	31.759
N-T-G	172	44.024	37.478
N-T-H	128	43.464	34.887
N-T-I	136	26.897	28.315
N-T-K	152	41.048	28.255
N-T-L	152	38.363	33.114
N-T-M	134	19.162	22.482
N-T-N	136	33.784	33.855
N-T-P	125	26.683	27.197
N-T-Q	127	20.818	27.004
N-T-R	137	30.819	34.832
N-T-S	147	38.081	33.610
N-T-T	153	40.682	39.316
N-T-V	145	41.619	34.640
N-T-W	128	30.413	33.576
N-T-X	200	99.338	55.423
N-T-Y	127	37.826	31.036
P-T-A	168	41.489	37.864
P-T-C	154	43.258	32.469
P-T-D	156	66.430	38.903
P-T-E	149	49.616	34.076
P-T-F	143	36.072	32.966
P-T-G	169	51.918	46.159
P-T-H	142	34.750	36.734
P-T-I	148	43.515	38.128
P-T-K	155	40.736	33.256
P-T-L	155	44.250	39.421
P-T-M	141	40.821	41.340
P-T-N	159	60.355	44.164
P-T-P	135	32.964	33.121
P-T-Q	154	64.722	41.187
P-T-R	147	41.280	37.290
P-T-S	159	67.076	46.084
P-T-T	152	43.825	35.027
P-T-V	146	38.241	38.882
P-T-W	145	45.130	38.899
P-T-X	210	114.60	62.467
P-T-Y	150	38.515	38.081
Q-T-A	147	34.501	33.357
Q-T-C	146	62.285	46.833
Q-T-D	161	34.860	34.033
Q-T-E	151	44.865	36.858
Q-T-F	122	40.689	30.791
Q-T-G	150	46.800	41.850
Q-T-H	140	27.905	31.502
Q-T-I	137	36.746	29.862
Q-T-K	148	35.355	36.761
Q-T-L	147	36.567	31.958
Q-T-M	154	38.711	41.890
Q-T-N	167	64.716	43.413
Q-T-P	146	31.306	28.255
Q-T-Q	141	47.891	40.597
Q-T-R	135	29.426	32.317
Q-T-S	151	44.673	41.027
Q-T-T	140	42.645	37.057
Q-T-V	140	40.085	32.845
Q-T-W	128	46.498	36.938
Q-T-X	203	90.609	59.458
Q-T-Y	120	50.772	33.342
R-T-A	158	38.542	36.723
R-T-C	105	35.356	28.476
R-T-D	173	56.165	38.674
R-T-E	138	41.049	39.238
R-T-F	127	33.691	32.150
R-T-G	160	39.539	32.271
R-T-H	127	43.523	34.142
R-T-I	146	24.462	29.008
R-T-K	145	41.423	36.149
R-T-L	147	32.951	30.073
R-T-M	125	26.331	33.944
R-T-N	159	43.959	34.972
R-T-P	137	35.293	32.195
R-T-Q	134	34.349	33.922
R-T-R	136	36.287	36.244
R-T-S	146	32.873	33.058
R-T-T	156	45.906	39.009
R-T-V	148	33.645	35.839
R-T-W	147	35.013	32.577
R-T-X	196	73.257	61.625
R-T-Y	143	34.240	29.130
S-T-A	168	41.493	38.229
S-T-C	131	30.715	28.371
S-T-D	167	42.575	45.061
S-T-E	144	45.889	36.808
S-T-F	161	32.891	35.146
S-T-G	177	41.728	36.101
S-T-H	151	42.319	40.588
S-T-I	150	34.045	33.490
S-T-K	158	41.220	34.890
S-T-L	144	34.006	33.323
S-T-M	161	35.699	38.078
S-T-N	149	44.321	39.451
S-T-P	139	40.479	31.482
S-T-Q	150	39.555	36.733
S-T-R	151	32.047	33.566
S-T-S	166	56.771	47.249
S-T-T	159	41.499	42.975
S-T-V	149	45.981	37.401
S-T-W	112	30.322	26.623
S-T-X	201	101.03	54.826
S-T-Y	143	38.497	36.355
T-T-A	150	39.765	34.754
T-T-C	136	42.046	38.304
T-T-D	151	47.637	37.053
T-T-E	160	41.513	35.927
T-T-F	141	22.058	30.302
T-T-G	154	45.362	38.478
T-T-H	121	41.134	34.713
T-T-I	154	31.349	31.221
T-T-K	159	31.848	33.715
T-T-L	153	36.571	34.390
T-T-M	118	24.983	33.014
T-T-N	141	28.322	33.333
T-T-P	133	35.586	28.764
T-T-Q	129	45.260	34.001
T-T-R	151	37.064	32.476
T-T-S	160	45.240	40.365
T-T-T	150	36.767	37.436
T-T-V	144	34.796	31.229
T-T-W	134	27.537	31.902
T-T-X	203	116.29	51.889
T-T-Y	141	32.544	33.488
V-T-A	140	37.210	33.639
V-T-C	139	38.229	33.697
V-T-D	158	35.745	33.051
V-T-E	146	35.556	32.437
V-T-F	147	31.277	30.944
V-T-G	156	36.827	36.753
V-T-H	137	33.372	26.553
V-T-I	140	40.317	31.067
V-T-K	145	39.351	33.649
V-T-L	149	33.986	34.159
V-T-M	109	35.773	29.291
V-T-N	153	34.831	35.990
V-T-P	135	34.692	32.820
V-T-Q	151	44.316	33.542
V-T-R	148	34.273	34.784
V-T-S	157	37.815	35.336
V-T-T	148	34.039	37.842
V-T-V	145	36.348	30.746
V-T-W	141	39.688	25.202
V-T-X	209	85.541	56.511
V-T-Y	137	35.715	33.605
W-T-A	146	44.158	33.637
W-T-C	136	36.488	19.338
W-T-D	128	24.740	26.185
W-T-E	135	46.100	33.558
W-T-F	93	26.337	22.002
W-T-G	142	42.078	39.155
W-T-H	141	27.301	32.549
W-T-I	92	25.432	25.849
W-T-K	127	38.037	34.252
W-T-L	138	31.048	30.971
W-T-M	129	8.5228	19.590
W-T-N	143	43.702	34.632
W-T-P	131	50.562	43.824
W-T-Q	129	13.646	23.667
W-T-R	142	15.541	23.375
W-T-S	124	30.789	32.612
W-T-T	152	29.438	30.829
W-T-V	122	21.335	29.275
W-T-W	111	46.326	41.980
W-T-X	168	89.735	52.014
W-T-Y	126	29.179	30.217
X-T-A	205	99.048	59.176
X-T-C	183	73.576	64.639
X-T-D	205	98.128	59.657
X-T-E	195	109.59	47.024
X-T-F	198	90.803	59.674
X-T-G	218	104.52	60.900
X-T-H	200	109.72	55.002
X-T-I	193	84.784	45.296
X-T-K	199	101.19	49.240
X-T-L	202	91.277	60.580
X-T-N	200	99.424	41.595
X-T-P	197	97.067	46.568
X-T-Q	203	94.920	56.151
X-T-R	199	105.35	55.447
X-T-S	198	98.120	46.733
X-T-T	204	94.027	58.305
X-T-V	199	93.725	55.398
X-T-X	254	79.175	37.736
X-T-Y	179	85.049	56.377
Y-T-A	128	30.078	29.086
Y-T-C	111	38.967	28.097
Y-T-D	152	32.908	35.063
Y-T-E	132	21.933	26.212
Y-T-F	142	37.475	29.565
Y-T-G	147	46.028	40.629
Y-T-H	127	29.555	32.332
Y-T-I	148	23.619	30.441
Y-T-K	131	26.954	35.722
Y-T-L	120	34.892	32.090
Y-T-M	139	22.961	27.626
Y-T-N	141	37.005	37.219
Y-T-P	132	30.277	30.369
Y-T-Q	156	38.482	39.454
Y-T-R	123	30.366	32.528
Y-T-S	138	32.337	35.067
Y-T-T	127	29.115	28.176
Y-T-V	136	25.458	28.299
Y-T-W	123	48.306	37.032
Y-T-X	180	97.196	58.805
Y-T-Y	131	35.778	33.145
