A-E-A	201	77.798	47.768
A-E-C	190	76.221	56.835
A-E-D	210	91.726	49.037
A-E-E	214	85.746	44.982
A-E-F	199	69.463	41.896
A-E-G	210	86.110	52.290
A-E-H	184	87.509	46.566
A-E-I	203	68.014	43.536
A-E-K	204	88.251	43.890
A-E-L	206	71.277	46.822
A-E-M	182	63.326	42.119
A-E-N	212	80.859	54.690
A-E-P	195	75.307	49.683
A-E-Q	203	88.320	49.002
A-E-R	207	82.202	49.065
A-E-S	213	76.454	47.655
A-E-T	208	79.825	49.768
A-E-V	199	70.404	44.430
A-E-W	189	83.715	47.053
A-E-X	261	131.09	55.504
A-E-Y	185	73.618	42.112
C-E-A	200	54.924	43.249
C-E-C	210	82.594	30.464
C-E-D	183	89.781	40.180
C-E-E	189	79.729	41.258
C-E-F	185	40.968	47.611
C-E-G	199	96.994	42.322
C-E-H	187	48.394	51.113
C-E-I	151	45.121	35.751
C-E-K	199	76.442	49.112
C-E-L	186	77.911	31.982
C-E-M	158	81.443	43.772
C-E-N	194	73.554	42.093
C-E-P	166	76.083	41.507
C-E-Q	192	76.939	36.449
C-E-R	175	56.970	40.965
C-E-S	198	83.913	50.633
C-E-T	202	58.692	44.437
C-E-V	180	74.132	47.757
C-E-W	167	77.202	40.060
C-E-X	228	138.22	42.404
C-E-Y	182	52.669	45.562
D-E-A	216	71.836	44.600
D-E-C	189	74.673	43.032
D-E-D	215	100.16	47.642
D-E-E	209	109.73	48.802
D-E-F	206	76.539	46.799
D-E-G	210	81.492	49.126
D-E-H	193	92.129	53.582
D-E-I	186	59.549	43.697
D-E-K	211	100.20	52.786
D-E-L	209	73.493	45.181
D-E-M	184	64.301	39.033
D-E-N	216	108.96	59.482
D-E-P	185	79.646	44.272
D-E-Q	207	100.67	47.747
D-E-R	207	98.121	51.360
D-E-S	214	86.658	55.286
D-E-T	207	97.619	50.905
D-E-V	196	75.634	43.450
D-E-W	192	81.665	46.960
D-E-X	255	121.63	68.688
D-E-Y	203	83.841	42.691
E-E-A	203	77.165	40.902
E-E-C	212	64.972	39.044
E-E-D	212	93.961	47.982
E-E-E	203	103.94	46.262
E-E-F	185	75.164	44.320
E-E-G	207	99.328	49.273
E-E-H	203	93.431	46.858
E-E-I	195	71.624	43.675
E-E-K	190	83.621	47.622
E-E-L	208	76.527	43.885
E-E-M	198	83.713	44.110
E-E-N	210	101.53	47.808
E-E-P	186	89.247	45.769
E-E-Q	208	99.263	45.571
E-E-R	198	84.030	44.699
E-E-S	192	81.353	46.661
E-E-T	208	77.873	48.390
E-E-V	204	78.300	41.629
E-E-W	179	78.321	45.199
E-E-X	246	130.57	56.908
E-E-Y	205	85.663	42.412
F-E-A	199	73.867	45.454
F-E-C	174	35.604	44.204
F-E-D	208	91.943	49.438
F-E-E	187	78.463	43.158
F-E-F	189	76.686	44.707
F-E-G	199	80.561	46.285
F-E-H	203	72.260	50.139
F-E-I	178	61.113	40.130
F-E-K	202	74.413	44.558
F-E-L	196	66.380	47.201
F-E-M	198	73.771	43.952
F-E-N	201	91.707	45.896
F-E-P	178	65.827	45.400
F-E-Q	194	76.383	42.653
F-E-R	179	81.262	49.589
F-E-S	203	79.897	49.179
F-E-T	194	59.411	45.286
F-E-V	198	55.753	45.279
F-E-W	166	42.546	42.024
F-E-X	259	139.54	60.050
F-E-Y	189	70.747	46.628
G-E-A	209	79.423	49.461
G-E-C	198	81.530	50.783
G-E-D	212	73.564	54.906
G-E-E	215	90.007	47.025
G-E-F	206	71.166	45.602
G-E-G	225	98.220	50.316
G-E-H	199	71.318	54.854
G-E-I	192	67.259	47.841
G-E-K	201	85.819	42.101
G-E-L	211	73.750	47.657
G-E-M	208	73.202	49.079
G-E-N	216	88.177	53.626
G-E-P	190	87.877	41.561
G-E-Q	200	83.547	45.076
G-E-R	212	88.294	50.500
G-E-S	207	73.587	50.947
G-E-T	214	71.437	48.661
G-E-V	191	74.146	45.350
G-E-W	186	90.181	50.455
G-E-X	269	147.79	46.310
G-E-Y	195	73.292	44.738
H-E-A	198	75.534	49.621
H-E-C	171	61.457	52.417
H-E-D	215	86.461	56.285
H-E-E	174	78.628	46.752
H-E-F	176	60.773	43.249
H-E-G	204	91.312	49.838
H-E-H	182	43.647	52.990
H-E-I	179	54.503	47.089
H-E-K	197	87.673	46.310
H-E-L	189	61.951	46.086
H-E-M	207	76	62.895
H-E-N	203	100.71	49.146
H-E-P	170	62.801	48.203
H-E-Q	193	74.986	46.831
H-E-R	189	73.294	51.265
H-E-S	205	62.713	41.792
H-E-T	190	57.038	42.270
H-E-V	185	61.184	45.752
H-E-W	183	53.197	52.696
H-E-X	211	131.75	49.253
H-E-Y	172	65.188	46.173
I-E-A	194	65.247	46.552
I-E-C	198	50.090	47.911
I-E-D	207	79.528	44.365
I-E-E	199	77.743	42.273
I-E-F	191	63.559	40.579
I-E-G	205	75.477	53.001
I-E-H	189	65.487	45.848
I-E-I	196	61.962	41.284
I-E-K	193	79.482	46.368
I-E-L	199	74.086	50.063
I-E-M	182	58.828	43.987
I-E-N	206	75.040	47.305
I-E-P	183	69.847	45.028
I-E-Q	195	78.988	46.477
I-E-R	197	74.123	41.437
I-E-S	194	75.324	45.787
I-E-T	200	60.891	51.751
I-E-V	192	67.862	43.022
I-E-W	174	68.427	48.531
I-E-X	257	131.81	59.175
I-E-Y	188	67.298	40.323
K-E-A	205	87.218	43.111
K-E-C	179	82.030	43.126
K-E-D	203	113.46	39.603
K-E-E	198	103.79	41.109
K-E-F	182	82.860	39.589
K-E-G	211	104.57	43.707
K-E-H	190	106.65	37.169
K-E-I	198	83.958	43.424
K-E-K	199	108.53	40.933
K-E-L	205	83.787	43.489
K-E-M	206	84.416	39.999
K-E-N	212	104.72	42.384
K-E-P	193	80.069	41.606
K-E-Q	201	93.111	49.156
K-E-R	202	94.257	47.518
K-E-S	208	92.536	48.299
K-E-T	191	88.549	49.819
K-E-V	208	89.461	40.901
K-E-W	171	80.447	41.608
K-E-X	274	147.55	57.921
K-E-Y	175	80.556	44.652
L-E-A	200	78.111	46.068
L-E-C	177	67.254	44.064
L-E-D	213	81.086	48.655
L-E-E	211	84.428	43.919
L-E-F	197	58.945	43.915
L-E-G	211	90.121	48.909
L-E-H	210	84.850	43.795
L-E-I	207	61.541	47.994
L-E-K	204	89.038	42.683
L-E-L	202	71.535	45.994
L-E-M	197	68.653	47.369
L-E-N	203	75.506	46.827
L-E-P	190	75.421	43.216
L-E-Q	206	79.929	46.924
L-E-R	213	78.850	46.711
L-E-S	210	76.560	48.536
L-E-T	205	77.474	47.346
L-E-V	209	72.382	44.330
L-E-W	186	74.481	47.214
L-E-X	248	136.21	55.028
L-E-Y	182	75.166	50.599
M-E-A	200	68.989	48.019
M-E-C	170	54.860	47.860
M-E-D	216	94.136	43.953
M-E-E	195	87.629	45.063
M-E-F	177	46.631	45.006
M-E-G	204	77.388	51.075
M-E-H	181	64.268	44.044
M-E-I	196	93.739	50.739
M-E-K	189	75.626	43.467
M-E-L	202	73.353	52.008
M-E-M	175	58.372	46.668
M-E-N	184	84.752	50.657
M-E-P	173	71.652	36.931
M-E-Q	198	91.726	37.762
M-E-R	179	83.885	43.905
M-E-S	212	61.560	55.990
M-E-T	201	70.604	55.614
M-E-V	167	56.735	48.941
M-E-W	155	81.752	36.858
M-E-Y	194	76.719	42.813
N-E-A	212	68.546	46.797
N-E-C	209	97.762	40.909
N-E-D	217	94.210	52.393
N-E-E	213	102.32	49.880
N-E-F	190	56.751	44.517
N-E-G	206	87.824	46.256
N-E-H	199	98.958	42.465
N-E-I	179	68.758	43.584
N-E-K	210	89.685	50.375
N-E-L	184	65.519	45.196
N-E-M	190	62.426	44.416
N-E-N	204	82.555	54.196
N-E-P	190	64.997	44.106
N-E-Q	201	62.239	49.831
N-E-R	208	83.031	53.215
N-E-S	210	77.247	49.598
N-E-T	210	73.949	52.421
N-E-V	191	64.730	45.181
N-E-W	170	81.070	47.859
N-E-X	248	144.39	57.606
N-E-Y	190	66.122	46.408
P-E-A	209	99.451	46.483
P-E-C	189	93.020	36.854
P-E-D	215	121.99	42.116
P-E-E	212	111.49	41.510
P-E-F	197	85.683	46.262
P-E-G	227	122.94	52.060
P-E-H	202	110.93	43.412
P-E-I	208	74.348	56.472
P-E-K	209	112.20	42.334
P-E-L	200	92.585	50.695
P-E-M	194	94.710	43.587
P-E-N	209	96.158	51.488
P-E-P	197	81.202	44.300
P-E-Q	207	112.49	48.251
P-E-R	209	98.472	48.476
P-E-S	216	114.78	60.034
P-E-T	213	94.938	51.915
P-E-V	205	90.357	48.481
P-E-W	198	77.789	48.259
P-E-X	265	152.65	63.186
P-E-Y	191	94.432	49.604
Q-E-A	211	77.667	44.438
Q-E-C	172	90.033	35.546
Q-E-D	213	95.170	52.744
Q-E-E	202	97.094	44.356
Q-E-F	181	67.322	46.867
Q-E-G	209	81.199	52.432
Q-E-H	183	84.570	45.605
Q-E-I	190	76.427	42.629
Q-E-K	198	89.873	46.396
Q-E-L	188	69.741	41.308
Q-E-M	178	50.423	39.639
Q-E-N	204	84.247	47.200
Q-E-P	190	83.385	42.341
Q-E-Q	191	75.709	51.672
Q-E-R	200	75.305	45.172
Q-E-S	209	75.978	51.964
Q-E-T	191	71.171	51.805
Q-E-V	190	76.302	39.052
Q-E-W	207	83.807	40.124
Q-E-X	247	133.72	69.803
Q-E-Y	183	64.874	45.007
R-E-A	202	84.308	45.369
R-E-C	169	86.565	47.717
R-E-D	213	95.608	52.954
R-E-E	197	102.71	43.819
R-E-F	190	70.439	50.340
R-E-G	204	91.955	51.312
R-E-H	188	89.755	47.937
R-E-I	193	64.933	44.164
R-E-K	200	99.148	43.371
R-E-L	209	73.678	46.630
R-E-M	201	61.307	50.371
R-E-N	188	95.639	41.509
R-E-P	192	79.051	52.558
R-E-Q	198	94.590	41.628
R-E-R	201	88.610	53.128
R-E-S	206	83.610	49.930
R-E-T	206	82.662	50.515
R-E-V	200	77.303	44.375
R-E-W	181	73.802	40.338
R-E-X	268	135.29	58.939
R-E-Y	189	86.802	40.216
S-E-A	215	84.128	50.653
S-E-C	158	62.421	54.219
S-E-D	213	104.65	45.806
S-E-E	210	94.971	44.773
S-E-F	177	74.849	48.046
S-E-G	215	91.113	48.406
S-E-H	200	70.084	55.729
S-E-I	194	72.257	43.221
S-E-K	213	84.964	51.542
S-E-L	203	73.219	41.149
S-E-M	202	75.800	56.317
S-E-N	214	100.09	55.136
S-E-P	178	84.337	43.064
S-E-Q	207	84.758	52.470
S-E-R	211	82.528	46.622
S-E-S	210	95.040	50.453
S-E-T	209	91.407	51.919
S-E-V	201	65.918	44.329
S-E-W	188	77.273	41.104
S-E-X	263	125.08	62.750
S-E-Y	187	79.465	39.584
T-E-A	206	81.912	48.304
T-E-C	204	67.253	41.919
T-E-D	212	96.531	47.390
T-E-E	202	92.840	45.755
T-E-F	201	77.870	52.077
T-E-G	208	88.885	46.125
T-E-H	189	86.950	42.595
T-E-I	188	74.687	45.730
T-E-K	209	93.430	49.940
T-E-L	204	70.049	45.760
T-E-M	172	70.433	46.584
T-E-N	211	86.456	54.002
T-E-P	173	66.944	47.170
T-E-Q	199	80.986	51.750
T-E-R	219	72.012	54.263
T-E-S	211	73.845	56.418
T-E-T	205	78.112	50.948
T-E-V	197	72.407	47.901
T-E-W	184	70.818	43.253
T-E-X	243	141.03	55.245
T-E-Y	192	78.442	43.968
V-E-A	199	74.394	42.095
V-E-C	152	44.540	40.979
V-E-D	199	84.405	48.308
V-E-E	215	85.002	46.475
V-E-F	189	58.002	42.556
V-E-G	217	86.245	50.690
V-E-H	194	83.143	41.763
V-E-I	178	60.622	41.168
V-E-K	202	82.959	40.790
V-E-L	185	69.437	47.161
V-E-M	191	61.028	47.341
V-E-N	206	79.556	47.852
V-E-P	186	75.738	48.630
V-E-Q	187	73.954	43.406
V-E-R	193	77.155	45.036
V-E-S	204	68.765	51.101
V-E-T	188	78.141	45.860
V-E-V	199	58.839	42.360
V-E-W	179	83.438	40.415
V-E-X	256	131.05	59.044
V-E-Y	187	72.562	47.076
W-E-A	184	78.211	47.389
W-E-C	136	48.615	38.717
W-E-D	206	82.360	42.410
W-E-E	173	77.736	39.841
W-E-F	164	71.948	45.228
W-E-G	204	65.797	52.316
W-E-H	175	37.736	44.653
W-E-I	177	39.026	39.254
W-E-K	194	76.576	50.201
W-E-L	181	65.967	41.564
W-E-M	184	44.625	47.132
W-E-N	175	74.019	41.796
W-E-P	172	74.992	46.261
W-E-Q	174	66.745	35.949
W-E-R	185	75.491	56.444
W-E-S	175	57.762	39.519
W-E-T	185	74.250	41.763
W-E-V	211	60.335	41.932
W-E-W	164	52.006	36.041
W-E-X	227	166.97	54.007
W-E-Y	182	65.829	52.359
X-E-A	260	126.79	55.563
X-E-C	253	125.89	59.595
X-E-D	250	140.53	49.775
X-E-E	244	130.96	58.304
X-E-F	252	133.45	72.616
X-E-G	254	128.81	61.747
X-E-H	229	117.91	48.200
X-E-I	243	146.04	58.755
X-E-K	243	139.77	56.459
X-E-L	245	120.70	64.029
X-E-M	242	131.83	40.371
X-E-N	249	136.25	69.653
X-E-P	244	143.05	64.838
X-E-Q	246	136.27	68.292
X-E-R	254	144.09	59.682
X-E-S	250	149.53	45.061
X-E-T	246	134.46	67.936
X-E-V	246	158.23	57.607
X-E-X	211	55.443	56.641
X-E-Y	254	138.18	75.684
Y-E-A	190	74.909	49.829
Y-E-C	160	40.213	41.052
Y-E-D	187	90.247	45.565
Y-E-E	209	84.211	47.224
Y-E-F	163	61.532	46.711
Y-E-G	216	76.953	50.238
Y-E-H	180	54.503	53.274
Y-E-I	191	59.863	41.175
Y-E-K	198	87.371	42.654
Y-E-L	181	67.815	48.621
Y-E-M	194	48.144	46.427
Y-E-N	207	85.574	46.022
Y-E-P	193	57.058	48.502
Y-E-Q	190	71.450	47.041
Y-E-R	199	63.702	43.641
Y-E-S	209	65.986	41.903
Y-E-T	286	74.366	57.288
Y-E-V	193	68.456	46.052
Y-E-W	190	73.910	60.009
Y-E-X	264	129.62	63.500
Y-E-Y	176	70.920	48.045
