A-W-A	217	35.927	41.389
A-W-C	162	18.699	27.922
A-W-D	259	35.262	43.200
A-W-E	168	33.125	30.887
A-W-F	197	42.912	42.873
A-W-G	262	37.495	46.570
A-W-H	224	33.562	32.889
A-W-I	202	52.357	34.419
A-W-K	217	50.457	61.412
A-W-L	246	30.707	35.347
A-W-M	198	35.636	43.251
A-W-N	229	34.359	43.323
A-W-P	184	30.461	42.070
A-W-Q	242	30.131	34.424
A-W-R	232	31.236	41.169
A-W-S	191	28.177	33.542
A-W-T	182	29.185	34.948
A-W-V	189	25.331	28.892
A-W-W	127	41.747	46.101
A-W-X	266	76.146	77.801
A-W-Y	215	25.717	37.136
C-W-A	145	14.523	16.491
C-W-C	167	54.024	30.549
C-W-D	114	22.157	24.578
C-W-E	114	27.714	15.507
C-W-G	210	40.892	41.688
C-W-H	49	8.4375	13.012
C-W-I	118	21.642	26.386
C-W-K	171	49.920	37.545
C-W-L	147	25.536	32.879
C-W-M	40	3.5676	9.2512
C-W-Q	118	22.522	18.623
C-W-S	157	31.418	32.534
C-W-T	165	22.278	38.010
C-W-V	215	55.604	46.733
C-W-Y	74	8.7059	11.224
D-W-A	216	34.477	37.993
D-W-C	214	64.156	51.491
D-W-D	197	42.189	33.268
D-W-E	189	35.398	38.215
D-W-F	203	37.867	34.835
D-W-G	177	43.312	42.378
D-W-H	129	30.267	37.949
D-W-I	186	34.810	32.593
D-W-K	208	38.307	45.418
D-W-L	238	39.015	41.451
D-W-M	149	26.059	37.627
D-W-N	237	39.375	45.906
D-W-P	173	31.769	29.723
D-W-Q	206	29.194	40.454
D-W-R	220	35.946	41.617
D-W-S	196	30.692	36.633
D-W-T	212	34.528	38.268
D-W-V	226	22.149	29.892
D-W-W	148	50.290	36.627
D-W-X	273	55.602	69.961
D-W-Y	213	43.900	42.032
E-W-A	219	38.022	39.897
E-W-C	220	73.597	66.462
E-W-D	201	29.491	37.472
E-W-E	212	29.398	30.420
E-W-F	151	36.722	28.959
E-W-G	221	38.861	44.391
E-W-H	149	46.013	28.863
E-W-I	242	36.601	37.663
E-W-K	180	37.054	39.530
E-W-L	204	42.886	43.266
E-W-M	136	21.847	26.234
E-W-N	220	62.238	55.076
E-W-P	182	31.348	33.727
E-W-Q	182	29.516	37.000
E-W-R	128	21.619	27.270
E-W-S	201	32.125	30.050
E-W-T	139	26.377	27.491
E-W-V	188	36.772	36.205
E-W-W	186	30.123	37.302
E-W-X	256	69.714	58.339
E-W-Y	161	35.960	32.612
F-W-A	177	37.189	35.101
F-W-C	88	18.830	22.113
F-W-D	223	36.593	40.298
F-W-E	218	38.740	45.776
F-W-F	214	34.477	40.971
F-W-G	257	31.711	39.801
F-W-H	145	23.627	35.429
F-W-I	142	30.867	46.421
F-W-K	171	25.676	33.195
F-W-L	134	18.581	28.011
F-W-M	135	18.516	37.037
F-W-N	225	23.005	21.609
F-W-P	222	20.754	34.325
F-W-Q	90	18.145	20.220
F-W-R	169	26.474	29.782
F-W-S	179	24.402	35.142
F-W-T	182	13.713	25.384
F-W-V	165	23.248	33.454
F-W-W	180	15.266	30.647
F-W-Y	151	31.908	27.845
G-W-A	230	25.728	37.937
G-W-C	157	41.737	42.234
G-W-D	222	38.178	48.228
G-W-E	144	31.659	28.725
G-W-F	176	28.389	30.809
G-W-G	262	31.976	54.231
G-W-H	162	19.380	32.529
G-W-I	217	36.513	38.964
G-W-K	186	27.224	23.806
G-W-L	184	28.044	34.592
G-W-M	156	24.906	31.588
G-W-N	257	40.220	48.036
G-W-P	185	50.608	47.489
G-W-Q	170	40.494	36.314
G-W-R	219	36.847	38.105
G-W-S	145	30.706	29.220
G-W-T	260	25.131	35.695
G-W-V	203	31.774	41.797
G-W-W	155	43.298	34.258
G-W-X	252	77.679	67.074
G-W-Y	193	32.142	31.354
H-W-A	205	25.995	33.645
H-W-C	107	40.472	32.849
H-W-D	189	32.241	38.542
H-W-E	182	38.311	42.994
H-W-F	103	18.722	26.536
H-W-G	144	27.113	33.610
H-W-H	170	14.066	25.419
H-W-I	163	13.830	24.113
H-W-K	145	23.559	32.354
H-W-L	203	32.129	47.310
H-W-M	191	26.937	24.021
H-W-N	213	25.907	45.628
H-W-P	199	36.815	30.495
H-W-Q	200	13.449	19.944
H-W-R	185	41.049	50.668
H-W-S	145	38.440	39.004
H-W-T	221	40.450	43.741
H-W-V	175	18.335	34.124
H-W-W	144	37.909	51.462
H-W-X	240	86.500	56.439
H-W-Y	159	17.731	29.792
I-W-A	237	34.744	44.973
I-W-C	66	19.250	23.939
I-W-D	181	25.893	26.528
I-W-E	218	30.885	37.943
I-W-F	201	38.697	40.703
I-W-G	216	23.724	33.832
I-W-H	173	23.892	37.329
I-W-I	240	22.645	37.225
I-W-K	190	33.476	38.987
I-W-L	178	35.289	40.358
I-W-M	168	29.115	31.924
I-W-N	219	23.910	30.042
I-W-P	117	38.680	30.234
I-W-Q	192	27.663	37.309
I-W-R	138	22.563	26.837
I-W-S	158	24.245	32.497
I-W-T	207	34.682	38.499
I-W-V	165	19.351	32.073
I-W-W	121	38.596	37.797
I-W-X	235	47.540	53.472
I-W-Y	114	22.577	32.344
K-W-A	181	29.832	36.063
K-W-C	191	38.026	45.308
K-W-D	209	35.692	32.199
K-W-E	193	47.130	41.444
K-W-F	206	46.743	50.045
K-W-G	265	46.979	54.422
K-W-H	179	39.333	45.048
K-W-I	189	33.612	30.236
K-W-K	206	22.675	39.511
K-W-L	175	28.032	29.488
K-W-M	193	31.126	39.759
K-W-N	155	33.075	39.899
K-W-P	140	31.995	33.186
K-W-Q	196	43.765	41.497
K-W-R	213	27.433	34.083
K-W-S	170	49.677	37.671
K-W-T	202	26.736	31.964
K-W-V	207	38.777	39.839
K-W-W	211	34.383	39.935
K-W-X	289	92.016	49.093
K-W-Y	213	26.457	40.192
L-W-A	228	39.339	55.740
L-W-C	95	22.983	22.424
L-W-D	191	32.750	37.173
L-W-E	236	34.887	43.014
L-W-F	140	14.039	21.501
L-W-G	180	30.449	30.174
L-W-H	147	21.441	27.104
L-W-I	185	23.114	28.562
L-W-K	244	59.523	63.043
L-W-L	172	25.990	27.785
L-W-M	180	47.129	44.098
L-W-N	192	25.188	35.790
L-W-P	201	28.676	34.460
L-W-Q	233	81.817	74.481
L-W-R	237	30.318	39.021
L-W-S	236	26.354	43.285
L-W-T	263	22.159	36.983
L-W-V	200	25.779	32.748
L-W-W	182	50.093	28.625
L-W-X	296	138.71	78.810
L-W-Y	182	40.292	41.450
M-W-A	174	19.595	28.143
M-W-D	133	16.302	18.125
M-W-E	145	28.622	28.544
M-W-F	149	43.111	38.537
M-W-G	137	27.888	40.562
M-W-H	55	12.781	16.729
M-W-I	157	35.140	24.805
M-W-K	106	13.173	17.122
M-W-L	210	18.210	28.833
M-W-N	187	41.917	42.709
M-W-P	91	52.106	32.245
M-W-Q	144	21.119	21.653
M-W-R	201	21.437	34.567
M-W-S	108	12.234	26.107
M-W-T	100	30.737	27.368
M-W-V	119	14.389	25.153
M-W-Y	166	14.312	33.331
N-W-A	176	35.624	31.860
N-W-D	216	38.033	46.856
N-W-E	154	39.719	34.170
N-W-F	195	41.644	38.910
N-W-G	201	41.122	42.774
N-W-H	217	29.588	30.979
N-W-I	191	26.265	28.695
N-W-K	127	28.245	26.700
N-W-L	156	25.784	36.112
N-W-M	177	10.107	27.779
N-W-N	200	46.260	48.740
N-W-P	112	20.956	21.426
N-W-Q	232	28.238	31.299
N-W-R	166	40.017	24.957
N-W-S	197	32.581	33.250
N-W-T	201	36.745	32.779
N-W-V	209	13.464	25.054
N-W-W	196	44.769	48.283
N-W-X	251	111.21	94.386
N-W-Y	228	36.960	49.857
P-W-A	243	48.850	43.057
P-W-C	245	57.988	52.100
P-W-D	223	93.612	63.505
P-W-E	228	39.297	47.234
P-W-F	181	40.533	43.456
P-W-G	231	47.875	40.830
P-W-H	161	21.699	29.646
P-W-I	233	36.801	35.894
P-W-K	190	35.771	39.563
P-W-L	227	45.656	42.045
P-W-M	193	33.784	37.236
P-W-N	260	45.829	47.690
P-W-P	229	44.317	41.440
P-W-Q	202	22.325	40.796
P-W-R	201	23.279	35.970
P-W-S	251	46.365	41.071
P-W-T	232	38.014	39.178
P-W-V	229	46.453	40.367
P-W-W	181	38.873	52.200
P-W-X	294	124.90	34.475
P-W-Y	242	69.349	63.127
Q-W-A	156	32.234	33.529
Q-W-C	198	35.829	37.491
Q-W-D	189	54.249	54.689
Q-W-E	241	34.682	37.154
Q-W-F	164	20.919	23.076
Q-W-G	253	45.501	43.748
Q-W-H	118	45.308	34.345
Q-W-I	129	35.982	28.676
Q-W-K	210	23.827	34.606
Q-W-L	206	29.284	26.379
Q-W-M	106	13.472	21.047
Q-W-N	182	23.491	30.698
Q-W-P	211	58.544	44.137
Q-W-Q	218	37.049	46.766
Q-W-R	219	22.982	27.409
Q-W-S	232	27.935	29.041
Q-W-T	250	20.803	37.906
Q-W-V	193	20.417	27.267
Q-W-W	141	41.854	48.447
Q-W-X	247	148.09	60.358
Q-W-Y	119	44.455	37.260
R-W-A	233	31.255	36.704
R-W-C	119	21.109	29.980
R-W-D	204	46.696	28.263
R-W-E	181	46.243	36.771
R-W-F	182	30.500	41.035
R-W-G	249	54.624	51.831
R-W-H	148	31.942	28.507
R-W-I	126	19.334	21.007
R-W-K	218	67.643	53.210
R-W-L	194	22.795	29.920
R-W-M	166	28.878	35.361
R-W-N	225	53.408	56.207
R-W-P	162	14.112	22.590
R-W-Q	171	21.567	33.513
R-W-R	211	30.777	33.842
R-W-S	177	32.686	31.937
R-W-T	167	30.116	34.715
R-W-V	173	33.837	37.534
R-W-W	153	88.711	45.267
R-W-X	306	131.59	58.095
R-W-Y	188	16.568	22.650
S-W-A	232	30.777	35.024
S-W-C	172	42.540	53.731
S-W-D	239	39.225	39.962
S-W-E	183	30.604	35.434
S-W-F	239	33.866	50.961
S-W-G	197	33.500	29.868
S-W-H	198	30.631	42.464
S-W-I	216	37.628	31.779
S-W-K	171	34.381	33.452
S-W-L	224	31.168	38.894
S-W-M	139	24.936	32.857
S-W-N	168	33.096	38.723
S-W-P	173	24.331	25.898
S-W-Q	246	48.451	49.654
S-W-R	185	37.602	41.946
S-W-S	214	41.044	45.974
S-W-T	210	42.435	43.906
S-W-V	253	28.786	37.032
S-W-W	231	56.462	61.344
S-W-X	297	99.613	84.911
S-W-Y	207	21.806	33.185
T-W-A	179	34.684	42.390
T-W-C	221	74.188	71.527
T-W-D	224	38.945	31.007
T-W-E	221	42.819	39.746
T-W-F	130	31.297	33.148
T-W-G	201	43.072	40.190
T-W-H	168	38.241	39.234
T-W-I	156	14.066	24.338
T-W-K	141	22.400	27.853
T-W-L	245	28.315	30.147
T-W-M	85	20.266	18.692
T-W-N	193	27.685	39.231
T-W-P	220	27.878	30.681
T-W-Q	249	27.932	40.026
T-W-R	185	29.973	37.091
T-W-S	169	17.614	27.617
T-W-T	251	53.463	63.876
T-W-V	237	26.676	33.467
T-W-W	93	16.444	20.729
T-W-X	301	137.41	56.067
T-W-Y	172	11.218	23.688
V-W-A	202	23.526	30.839
V-W-C	158	8.7864	15.067
V-W-D	214	26.340	35.364
V-W-E	187	22.813	30.864
V-W-F	250	45.617	55.615
V-W-G	248	37.104	45.187
V-W-H	145	34.170	38.417
V-W-I	184	37.560	45.614
V-W-K	217	30.937	34.885
V-W-L	175	22.315	31.259
V-W-M	152	34.489	38.812
V-W-N	166	32.750	28.658
V-W-P	179	19.630	27.675
V-W-Q	209	22.885	40.832
V-W-R	184	41.355	41.504
V-W-S	214	26.328	38.532
V-W-T	203	24.944	41.109
V-W-V	177	21.212	26.483
V-W-W	231	76.721	57.358
V-W-X	248	89.771	67.795
V-W-Y	140	21.312	29.275
W-W-A	217	37.689	33.934
W-W-C	105	30.304	14.608
W-W-D	171	42.276	39.426
W-W-E	174	54.642	38.194
W-W-F	157	12.255	30.199
W-W-G	252	37.547	49.986
W-W-H	190	36.643	54.582
W-W-K	161	26.617	30.371
W-W-L	108	25.637	22.079
W-W-M	134	20.519	26.305
W-W-N	189	39.087	40.062
W-W-P	156	29.851	30.055
W-W-Q	205	40.807	34.237
W-W-R	158	41.370	52.369
W-W-S	190	37.155	43.821
W-W-T	164	22.709	35.110
W-W-V	220	38.209	44.073
W-W-Y	148	16.142	26.724
X-W-G	244	98.879	39.107
X-W-S	300	97.258	86.829
X-W-X	266	44.320	64.829
Y-W-A	232	36.840	36.659
Y-W-C	120	31.412	14.741
Y-W-D	134	29.409	23.604
Y-W-E	176	26.528	32.851
Y-W-F	258	28.103	37.939
Y-W-G	211	31.430	26.301
Y-W-H	197	37.883	47.072
Y-W-I	230	20.359	28.156
Y-W-K	137	16.587	25.715
Y-W-L	189	14.799	26.828
Y-W-M	190	58.445	47.769
Y-W-N	124	28.965	29.331
Y-W-P	141	26.347	29.579
Y-W-Q	181	17.190	28.041
Y-W-R	181	12.899	25.778
Y-W-S	212	25.284	31.251
Y-W-T	142	19.817	25.690
Y-W-V	133	18.654	25.480
Y-W-W	195	68.542	64.787
Y-W-Y	236	18.603	36.322
