A-H-A	200	44.064	40.810
A-H-C	189	43.617	33.907
A-H-D	187	50.503	43.856
A-H-E	193	45.507	40.563
A-H-F	163	43.855	37.375
A-H-G	197	49.008	38.805
A-H-H	186	45.570	37.693
A-H-I	198	46.809	39.267
A-H-K	200	70.182	44.756
A-H-L	194	55.486	42.640
A-H-M	169	41.173	44.603
A-H-N	185	38.700	37.910
A-H-P	183	31.211	36.467
A-H-Q	191	50.831	40.108
A-H-R	180	44.062	42.476
A-H-S	211	57.933	44.977
A-H-T	178	47.541	36.070
A-H-V	180	54.715	40.737
A-H-W	148	35.965	39.362
A-H-X	247	104.49	76.835
A-H-Y	187	44.150	44.513
C-H-A	202	33.916	37.719
C-H-C	168	77.778	46.765
C-H-D	168	40.714	35.796
C-H-E	157	48.168	39.428
C-H-F	175	37.532	38.521
C-H-G	167	39.432	36.585
C-H-H	163	44.598	30.892
C-H-I	170	46.740	46.297
C-H-K	192	48.679	51.645
C-H-L	170	92.770	57.617
C-H-M	145	47.761	42.558
C-H-N	172	39.561	40.166
C-H-P	141	30.377	29.795
C-H-Q	134	52.471	44.668
C-H-R	136	48.191	31.245
C-H-S	186	38.675	39.888
C-H-T	144	33.526	34.347
C-H-V	108	31.036	20.592
C-H-X	241	157.35	48.614
C-H-Y	169	46.311	46.444
D-H-A	165	38.872	40.160
D-H-C	171	43.690	36.830
D-H-D	181	44.648	46.012
D-H-E	198	64.927	47.341
D-H-F	186	54.084	42.231
D-H-G	198	52.833	43.969
D-H-H	181	25.181	38.637
D-H-I	177	38.524	37.992
D-H-K	171	49.911	45.612
D-H-L	169	42.280	40.720
D-H-M	159	54.135	44.924
D-H-N	195	41.135	35.832
D-H-P	160	37.870	34.877
D-H-Q	182	47.537	45.642
D-H-R	200	56.207	51.671
D-H-S	203	56.858	48.214
D-H-T	187	55.275	39.605
D-H-V	188	45.627	40.203
D-H-W	182	39.457	43.553
D-H-X	230	81.500	65.459
D-H-Y	157	48.719	33.338
E-H-A	187	40.291	41.313
E-H-C	185	79.980	44.189
E-H-D	178	62.832	44.184
E-H-E	182	48.915	42.291
E-H-F	152	50.868	40.715
E-H-G	199	64.906	42.850
E-H-H	199	56.168	53.441
E-H-I	178	51.577	40.275
E-H-K	178	47.831	42.719
E-H-L	189	55.655	45.582
E-H-M	165	32.285	33.119
E-H-N	190	44.879	47.829
E-H-P	179	41.755	34.767
E-H-Q	168	56.343	45.222
E-H-R	181	38.522	38.648
E-H-S	167	58.731	39.655
E-H-T	190	47.938	46.033
E-H-V	199	53.596	43.776
E-H-W	163	55.115	32.608
E-H-X	243	151.05	51.851
E-H-Y	164	59.165	40.510
F-H-A	156	38.998	39.131
F-H-C	163	49.481	57.395
F-H-D	151	39.231	39.879
F-H-E	169	52.329	46.112
F-H-F	184	27.982	32.163
F-H-G	196	58.842	51.992
F-H-H	154	38.475	30.969
F-H-I	162	33.171	46.493
F-H-K	184	66.553	43.956
F-H-L	177	40.308	41.603
F-H-M	142	12.263	18.954
F-H-N	183	50.322	44.770
F-H-P	151	36.666	44.431
F-H-Q	163	30.996	40.565
F-H-R	197	38.194	39.890
F-H-S	173	44.819	34.903
F-H-T	163	31.283	32.755
F-H-V	148	31.530	32.481
F-H-W	161	16.897	29.456
F-H-X	221	61.397	69.069
F-H-Y	171	36.117	40.972
G-H-A	199	45.646	45.713
G-H-C	150	43.844	33.295
G-H-D	196	60.175	47.161
G-H-E	175	37.714	41.633
G-H-F	182	46.423	46.885
G-H-G	208	45.163	41.189
G-H-H	189	77.520	55.841
G-H-I	191	43.811	37.470
G-H-K	195	64.595	38.443
G-H-L	183	42.335	33.248
G-H-M	189	72.637	48.594
G-H-N	193	37.031	41.626
G-H-P	170	40.670	35.712
G-H-Q	179	45.350	38.261
G-H-R	190	53.690	44.877
G-H-S	187	33.300	33.689
G-H-T	181	38.595	40.226
G-H-V	187	38.586	38.193
G-H-W	147	21.214	32.440
G-H-X	259	117.11	54.382
G-H-Y	201	38.068	42.655
H-H-A	159	38.139	40.833
H-H-C	160	103.83	52.420
H-H-D	183	62.254	52.210
H-H-E	183	33.205	44.661
H-H-F	166	50.695	38.686
H-H-G	208	50.241	52.747
H-H-H	198	100.04	54.439
H-H-I	182	41.629	38.490
H-H-K	174	55.044	51.871
H-H-L	172	53.006	51.611
H-H-M	179	42.956	49.392
H-H-N	183	48.729	39.025
H-H-P	176	35.401	31.272
H-H-Q	173	25.918	39.114
H-H-R	159	36.637	40.738
H-H-S	189	40.910	33.081
H-H-T	169	33.957	40.030
H-H-V	174	60.323	42.341
H-H-W	171	83.753	54.379
H-H-X	258	155.69	63.485
H-H-Y	155	70.943	54.001
I-H-A	169	36.504	35.570
I-H-C	156	53.961	50.501
I-H-D	163	45.845	44.856
I-H-E	155	34.055	40.645
I-H-F	165	29.419	36.079
I-H-G	181	35.771	41.799
I-H-H	145	47.876	34.914
I-H-I	177	33.408	35.323
I-H-K	180	56.854	43.275
I-H-L	169	36.613	39.994
I-H-M	152	43.381	42.892
I-H-N	167	64.255	48.049
I-H-P	166	32.262	37.091
I-H-Q	172	33.962	32.517
I-H-R	171	28.205	34.099
I-H-S	198	35.915	44.933
I-H-T	188	38.575	41.032
I-H-V	178	37.656	36.980
I-H-W	141	28.261	35.027
I-H-X	242	124.87	64.524
I-H-Y	146	55.896	43.907
K-H-A	198	63.019	50.744
K-H-C	150	76.141	34.817
K-H-D	176	60.915	46.034
K-H-E	182	58.313	43.058
K-H-F	176	49.222	45.322
K-H-G	188	54.500	41.437
K-H-H	163	46.575	33.457
K-H-I	189	54.385	42.087
K-H-K	177	73.546	37.051
K-H-L	178	60.053	48.466
K-H-M	172	28.024	32.513
K-H-N	204	89.287	55.951
K-H-P	176	49.887	35.119
K-H-Q	154	43.640	41.388
K-H-R	149	40.193	32.824
K-H-S	189	57.646	47.289
K-H-T	192	45.302	48.805
K-H-V	162	44.374	40.498
K-H-W	170	58.684	41.189
K-H-X	240	123.54	52.533
K-H-Y	157	61.159	39.757
L-H-A	198	48.350	42.175
L-H-C	186	36.787	25.356
L-H-D	194	59.922	46.273
L-H-E	187	56.560	41.422
L-H-F	156	39.401	38.263
L-H-G	179	50.608	42.475
L-H-H	170	40.708	43.317
L-H-I	174	34.051	38.398
L-H-K	178	52.582	43.925
L-H-L	173	33.275	37.883
L-H-M	142	50.133	44.300
L-H-N	181	54.853	49.676
L-H-P	165	40.883	36.409
L-H-Q	163	49.654	42.747
L-H-R	182	37.401	42.361
L-H-S	191	53.050	44.545
L-H-T	173	45.230	43.534
L-H-V	178	52.184	39.423
L-H-W	174	38.436	40.359
L-H-X	248	120.29	56.511
L-H-Y	182	53.402	45.627
M-H-A	150	23.773	23.646
M-H-C	123	11.518	15.128
M-H-D	165	36.771	49.024
M-H-E	186	42.753	35.038
M-H-F	173	30.797	33.663
M-H-G	169	62.693	49.538
M-H-H	172	74.032	53.133
M-H-I	139	33.654	37.810
M-H-K	136	52.214	46.148
M-H-L	184	73.397	64.604
M-H-M	165	37.912	48.558
M-H-N	143	17.798	31.701
M-H-P	106	34.661	28.012
M-H-Q	136	54.676	40.670
M-H-R	166	38.101	37.783
M-H-S	183	60.459	41.168
M-H-T	188	36.641	44.445
M-H-V	132	43.799	41.321
M-H-W	125	18	32.311
M-H-Y	194	71.557	68.197
N-H-A	197	52.064	47.597
N-H-C	170	25.673	34.007
N-H-D	185	45.005	52.112
N-H-E	162	59.923	39.479
N-H-F	175	49.669	41.121
N-H-G	191	48.518	44.981
N-H-H	155	42.339	31.905
N-H-I	164	45.986	42.313
N-H-K	180	40.460	47.232
N-H-L	182	48.281	43.823
N-H-M	167	19.542	30.529
N-H-N	180	42.114	46.471
N-H-P	150	31.056	24.868
N-H-Q	168	56.354	41.791
N-H-R	190	45.658	43.386
N-H-S	181	41.470	49.267
N-H-T	171	39.564	41.344
N-H-V	157	29.695	35.428
N-H-W	156	39.460	43.614
N-H-X	197	107.36	58.645
N-H-Y	166	44.314	38.268
P-H-A	181	54.331	45.346
P-H-C	196	49.082	53.415
P-H-D	199	57.014	47.789
P-H-E	187	64.880	44.654
P-H-F	197	70.761	51.667
P-H-G	201	61.551	47.102
P-H-H	211	69.109	55.799
P-H-I	184	49.249	46.332
P-H-K	183	58.627	46.645
P-H-L	199	64.415	56.337
P-H-M	195	43.852	50.162
P-H-N	202	49.684	48.945
P-H-P	178	29.459	28.008
P-H-Q	201	49.400	51.762
P-H-R	163	57.357	43.549
P-H-S	198	65.960	56.237
P-H-T	185	57.941	49.314
P-H-V	184	47.222	44.822
P-H-W	167	41.287	45.536
P-H-X	234	122.66	70.494
P-H-Y	200	57.936	45.076
Q-H-A	170	54.835	42.512
Q-H-C	118	50.578	24.632
Q-H-D	166	59.308	46.598
Q-H-E	176	51.182	51.648
Q-H-F	163	42.615	39.861
Q-H-G	193	59.236	48.345
Q-H-H	180	70.314	50.639
Q-H-I	180	28.215	31.669
Q-H-K	159	52.243	38.260
Q-H-L	189	52.231	39.777
Q-H-M	177	33.603	33.545
Q-H-N	149	45.224	35.656
Q-H-P	153	41.806	28.211
Q-H-Q	191	44.104	35.850
Q-H-R	160	42.735	36.049
Q-H-S	189	54.932	49.738
Q-H-T	184	66.944	48.353
Q-H-V	146	45.828	42.197
Q-H-W	137	44.893	42.696
Q-H-X	232	131.95	53.341
Q-H-Y	171	61.570	40.489
R-H-A	171	43.453	37.698
R-H-C	178	39.688	44.413
R-H-D	172	54.450	44.064
R-H-E	184	53.501	53.096
R-H-F	144	34.396	30.565
R-H-G	203	48.376	39.592
R-H-H	182	50.516	40.575
R-H-I	187	38.393	42.940
R-H-K	154	53.540	35.605
R-H-L	191	40.278	41.042
R-H-M	153	31.755	37.213
R-H-N	152	50.480	35.963
R-H-P	170	44.649	32.420
R-H-Q	188	65.726	46.519
R-H-R	195	64.055	55.243
R-H-S	175	56.993	41.839
R-H-T	198	63.743	59.810
R-H-V	175	43.438	40.577
R-H-W	134	42.138	34.590
R-H-X	232	120.93	75.401
R-H-Y	164	44.889	40.655
S-H-A	213	58.613	51.379
S-H-C	136	27.054	24.766
S-H-D	184	56.662	45.728
S-H-E	203	72.431	56.065
S-H-F	183	59.180	42.652
S-H-G	205	75.650	60.579
S-H-H	197	57.541	49.034
S-H-I	167	46.922	45.562
S-H-K	203	69.070	55.531
S-H-L	190	51.731	45.832
S-H-M	199	75.186	55.115
S-H-N	191	57.643	49.400
S-H-P	168	36.019	35.220
S-H-Q	158	56.338	42.405
S-H-R	208	46.785	42.780
S-H-S	198	55.937	52.035
S-H-T	177	39.184	37.863
S-H-V	183	45.979	43.144
S-H-W	179	51.652	49.242
S-H-X	288	114.95	65.696
S-H-Y	188	40.100	43.485
T-H-A	173	36.588	38.847
T-H-C	191	45.993	48.061
T-H-D	189	49.554	37.394
T-H-E	187	61.578	47.147
T-H-F	189	42.338	40.620
T-H-G	181	42.522	46.294
T-H-H	169	53.773	42.967
T-H-I	175	46.603	41.683
T-H-K	187	41.024	38.266
T-H-L	178	44.424	39.815
T-H-M	168	38.398	35.553
T-H-N	209	53.167	50.568
T-H-P	170	36.198	33.968
T-H-Q	175	35.913	40.691
T-H-R	183	38.656	40.802
T-H-S	191	49.955	40.072
T-H-T	201	74.109	60.891
T-H-V	200	38.599	41.869
T-H-W	160	51	37.198
T-H-X	229	146.22	65.119
T-H-Y	168	33.136	33.924
V-H-A	169	25.759	32.111
V-H-C	165	18.393	33.831
V-H-D	178	45.950	43.146
V-H-E	169	30.992	37.673
V-H-F	180	51.028	38.737
V-H-G	186	40.961	43.633
V-H-H	187	45.015	40.129
V-H-I	158	39.853	41.395
V-H-K	190	40.749	39.672
V-H-L	184	58.044	53.118
V-H-M	198	47.031	41.231
V-H-N	164	51.047	41.361
V-H-P	160	33.849	31.433
V-H-Q	160	33.875	35.765
V-H-R	154	36.451	36.580
V-H-S	165	33.141	42.086
V-H-T	180	39.443	35.133
V-H-V	147	41.439	34.365
V-H-W	176	18.711	31.684
V-H-X	238	83.443	83.508
V-H-Y	158	24.177	28.336
W-H-A	154	41.996	38.396
W-H-D	146	52.662	34.286
W-H-E	161	39.333	26.806
W-H-F	167	41.390	34.057
W-H-G	162	50.173	45.216
W-H-H	160	63.016	39.754
W-H-I	134	25.749	29.745
W-H-K	140	56.550	27.601
W-H-L	171	30.146	38.919
W-H-M	47	20.474	7.7407
W-H-N	132	39.704	39.171
W-H-P	134	30.809	35.214
W-H-Q	91	26.667	27.589
W-H-R	130	41.217	38.659
W-H-S	161	38.890	23.365
W-H-T	140	32.980	41.376
W-H-V	83	14.048	19.873
W-H-W	106	34.429	36.019
W-H-Y	113	39.943	28.590
X-H-A	225	39.172	62.135
X-H-C	190	27.949	46.410
X-H-D	224	154	44.426
X-H-E	254	101.67	59.525
X-H-G	253	109.21	71.204
X-H-H	259	177.01	56.654
X-H-I	237	81.225	75.692
X-H-K	238	148.07	47.130
X-H-L	247	94.016	74.687
X-H-M	249	177.41	36.415
X-H-N	242	100.77	85.890
X-H-P	213	99.593	32.018
X-H-Q	234	104.45	58.300
X-H-R	239	100.47	68.276
X-H-S	250	124.13	81.869
X-H-T	239	151.44	56.685
X-H-V	219	109.55	70.023
X-H-W	222	182.13	34.005
X-H-X	233	118.43	71.720
Y-H-A	176	49.624	44.893
Y-H-C	159	20.785	31.427
Y-H-D	163	50.163	41.898
Y-H-E	187	51.980	39.404
Y-H-F	138	34.464	27.786
Y-H-G	175	52.897	48.118
Y-H-H	164	51.684	39.029
Y-H-I	176	46.819	40.404
Y-H-K	186	65.244	43.629
Y-H-L	182	57.107	43.576
Y-H-M	195	65.633	41.380
Y-H-N	191	64.170	60.002
Y-H-P	164	39.047	37.712
Y-H-Q	154	32.096	35.076
Y-H-R	173	49.173	41.863
Y-H-S	197	54.234	36.520
Y-H-T	193	39.917	36.910
Y-H-V	138	30.380	35.556
Y-H-W	143	23.943	34.365
Y-H-X	250	125.57	34.854
Y-H-Y	188	42.249	33.628
