A-R-A	280	83.772	53.480
A-R-C	225	76.192	48.790
A-R-D	255	89.160	51.488
A-R-E	259	90.726	56.988
A-R-F	245	77.507	52.536
A-R-G	277	93.531	58.117
A-R-H	256	86.006	47.875
A-R-I	235	70.276	50.458
A-R-K	243	92.965	48.200
A-R-L	241	81.053	51.782
A-R-M	250	69.868	48.829
A-R-N	244	82.669	53.993
A-R-P	233	84.028	45.985
A-R-Q	243	87.387	56.492
A-R-R	269	81.025	55.449
A-R-S	263	86.249	60.614
A-R-T	269	86.318	59.052
A-R-V	252	76.780	52.017
A-R-W	245	102.57	55.235
A-R-X	322	147.86	88.517
A-R-Y	258	73.037	54.590
C-R-A	253	85.980	56.522
C-R-C	212	71.694	61.128
C-R-D	233	85.170	61.941
C-R-E	235	112.48	46.569
C-R-F	285	81.258	52.459
C-R-G	282	108.50	59.537
C-R-H	221	100.13	60.928
C-R-I	244	83.669	56.448
C-R-K	221	79.350	54.651
C-R-L	290	131.48	87.671
C-R-M	215	70.793	54.828
C-R-N	231	81.078	64.566
C-R-P	221	79.220	47.402
C-R-Q	207	82.738	58.959
C-R-R	222	82.056	55.914
C-R-S	201	88.592	53.882
C-R-T	219	82.313	52.866
C-R-V	254	91.403	47.242
C-R-W	182	81.348	35.344
C-R-X	287	147.51	73.188
C-R-Y	218	73.432	62.261
D-R-A	247	77.697	51.118
D-R-C	211	113.54	39.060
D-R-D	251	85.128	49.324
D-R-E	240	101.62	57.906
D-R-F	220	73.786	52.112
D-R-G	269	91.893	60.022
D-R-H	258	79.981	58.808
D-R-I	237	74.526	49.800
D-R-K	257	94.344	58.884
D-R-L	251	79.042	55.493
D-R-M	241	68.741	49.494
D-R-N	254	85.554	60.832
D-R-P	231	79.683	56.187
D-R-Q	249	85.011	58.021
D-R-R	245	78.995	59.742
D-R-S	281	108.11	55.583
D-R-T	280	84.238	58.332
D-R-V	250	74.593	52.087
D-R-W	211	82.063	42.051
D-R-X	291	151.07	68.161
D-R-Y	200	92.630	47.459
E-R-A	237	86.309	55.277
E-R-C	225	83.356	35.934
E-R-D	251	93.213	56.987
E-R-E	235	96.233	50.804
E-R-F	255	84.615	57.434
E-R-G	263	95.250	56.279
E-R-H	235	102.98	67.253
E-R-I	227	80.740	47.286
E-R-K	260	81.455	54.519
E-R-L	246	87.905	53.074
E-R-M	227	44.886	48.368
E-R-N	256	91.652	64.029
E-R-P	226	93.220	48.193
E-R-Q	236	77.269	47.676
E-R-R	240	89.621	58.991
E-R-S	242	84.301	56.252
E-R-T	255	79.480	51.239
E-R-V	237	79.142	48.549
E-R-W	220	73.399	44.334
E-R-X	320	162.79	66.535
E-R-Y	239	79.248	52.574
F-R-A	241	76.267	51.331
F-R-C	166	62.313	39.638
F-R-D	238	83.896	57.874
F-R-E	240	79.910	54.236
F-R-F	227	61.008	50.295
F-R-G	246	84.891	53.151
F-R-H	224	59.023	58.345
F-R-I	237	65.498	54.475
F-R-K	246	67.014	43.659
F-R-L	251	81.012	52.160
F-R-M	211	51.241	51.730
F-R-N	232	79.247	51.140
F-R-P	221	73.410	45.224
F-R-Q	252	81.619	52.614
F-R-R	247	82.873	50.273
F-R-S	233	79.756	55.746
F-R-T	228	85.589	39.968
F-R-V	283	57.537	53.147
F-R-W	192	89.112	51.435
F-R-X	265	134.96	55.866
F-R-Y	235	70.496	43.067
G-R-A	261	77.376	53.999
G-R-C	243	74.772	46.636
G-R-D	264	82.691	52.472
G-R-E	268	91.484	56.863
G-R-F	230	76.645	52.206
G-R-G	274	91.495	63.468
G-R-H	283	94.578	57.095
G-R-I	251	65.949	53.238
G-R-K	256	96.777	61.892
G-R-L	235	76.736	55.555
G-R-M	250	77.392	48.655
G-R-N	254	73.429	51.871
G-R-P	249	88.711	53.750
G-R-Q	252	100.25	66.533
G-R-R	249	92.005	51.742
G-R-S	265	74.344	55.493
G-R-T	256	77.690	58.287
G-R-V	246	72.517	54.332
G-R-W	281	132.16	73.823
G-R-X	321	181.53	87.669
G-R-Y	233	71.895	54.106
H-R-A	246	80.057	53.757
H-R-C	206	66.257	39.383
H-R-D	256	62.400	60.644
H-R-E	267	99.178	60.746
H-R-F	245	84.908	48.864
H-R-G	301	84.226	65.044
H-R-H	227	78.989	45.464
H-R-I	229	71.533	46.630
H-R-K	243	67.482	58.763
H-R-L	261	82.001	54.711
H-R-M	216	52.808	53.345
H-R-N	272	96.370	64.416
H-R-P	226	68.661	45.274
H-R-Q	250	64.326	57.161
H-R-R	230	63.113	62.203
H-R-S	233	84.560	57.520
H-R-T	227	70.422	61.959
H-R-V	240	63.550	57.447
H-R-W	174	61.443	49.551
H-R-X	307	150.60	86.420
H-R-Y	247	88.800	58.863
I-R-A	253	77.088	48.993
I-R-C	220	68.096	52.310
I-R-D	233	82.350	50.953
I-R-E	255	84.087	52.824
I-R-F	239	64.780	55.382
I-R-G	264	76.612	59.732
I-R-H	249	86.827	59.015
I-R-I	228	66.479	45.838
I-R-K	224	89.076	52.216
I-R-L	245	77.133	52.217
I-R-M	217	59.738	49.404
I-R-N	239	77.521	49.846
I-R-P	231	65.128	48.985
I-R-Q	218	80.249	46.478
I-R-R	226	71.572	47.976
I-R-S	226	80.285	54.006
I-R-T	220	76.376	52.895
I-R-V	252	59.462	50.200
I-R-W	241	63.475	51.306
I-R-X	303	130.25	64.678
I-R-Y	236	55.564	47.516
K-R-A	236	71.260	49.730
K-R-C	217	107.31	50.498
K-R-D	238	99.643	54.007
K-R-E	254	80.764	48.803
K-R-F	236	89.025	55.488
K-R-G	265	99.120	55.106
K-R-H	257	127.77	67.143
K-R-I	233	69.028	48.246
K-R-K	248	89.793	58.013
K-R-L	262	92.499	54.851
K-R-M	251	69.189	50.646
K-R-N	232	95.143	57.829
K-R-P	226	78.890	51.109
K-R-Q	246	85.253	62.901
K-R-R	244	95.001	55.621
K-R-S	279	96.559	60.642
K-R-T	230	82.558	48.832
K-R-V	240	77.753	45.698
K-R-W	214	101.07	35.480
K-R-X	324	162.92	79.463
K-R-Y	226	92.517	46.761
L-R-A	243	79.468	50.192
L-R-C	243	49.807	46.892
L-R-D	256	82.729	51.245
L-R-E	238	86.660	48.334
L-R-F	226	75.388	52.809
L-R-G	258	75.813	58.933
L-R-H	225	81.978	58.490
L-R-I	236	72.349	47.620
L-R-K	234	87	51.575
L-R-L	261	79.528	53.510
L-R-M	226	76.560	53.210
L-R-N	265	99.411	60.584
L-R-P	235	73.988	58.711
L-R-Q	250	83.782	44.205
L-R-R	246	84.617	53.510
L-R-S	254	89.556	52.410
L-R-T	251	78.705	53.989
L-R-V	249	70.978	50.719
L-R-W	209	81.154	48.907
L-R-X	311	151.64	81.589
L-R-Y	231	68.687	52.182
M-R-A	231	77.748	54.594
M-R-C	152	44.889	35.025
M-R-D	225	81.411	47.593
M-R-E	236	91.613	52.271
M-R-F	211	73.039	51.188
M-R-G	253	96.825	55.606
M-R-H	206	56.092	56.010
M-R-I	230	72.639	48.509
M-R-K	235	77.098	64.626
M-R-L	240	74.685	55.526
M-R-M	202	76.439	54.759
M-R-N	213	98.282	47.966
M-R-P	230	63.333	52.706
M-R-Q	224	59.112	50.500
M-R-R	253	81.245	55.667
M-R-S	227	94.200	61.872
M-R-T	249	94.828	57.779
M-R-V	239	59.616	43.775
M-R-W	197	71.362	40.113
M-R-X	248	148.44	54.399
M-R-Y	215	62.160	46.511
N-R-A	243	54.372	47.313
N-R-C	197	118.63	39.714
N-R-D	282	96.569	57.615
N-R-E	245	98.243	56.060
N-R-F	240	86.819	54.504
N-R-G	255	102.87	65.901
N-R-H	213	57.562	53.300
N-R-I	244	79.205	44.241
N-R-K	249	79.324	54.795
N-R-L	237	72.959	49.451
N-R-M	240	54.549	46.809
N-R-N	248	84.155	56.594
N-R-P	214	50.858	40.722
N-R-Q	245	73.327	48.883
N-R-R	261	90.971	57.476
N-R-S	227	89.747	55.589
N-R-T	251	89.418	58.878
N-R-V	227	71.185	49.890
N-R-W	238	66.641	53.787
N-R-X	278	140.36	60.889
N-R-Y	218	73.801	50.821
P-R-A	249	97.101	56.501
P-R-C	234	56.770	52.232
P-R-D	289	104.25	54.181
P-R-E	250	94.056	46.752
P-R-F	241	80.604	50.986
P-R-G	260	107.83	57.160
P-R-H	237	66.357	57.112
P-R-I	257	89.183	58.186
P-R-K	261	99.858	56.332
P-R-L	254	73.261	55.072
P-R-M	238	101.75	72.577
P-R-N	230	88.863	61.420
P-R-P	238	81.446	51.659
P-R-Q	251	92.993	52.008
P-R-R	258	93.994	65.659
P-R-S	279	98.697	63.290
P-R-T	257	94.025	65.559
P-R-V	256	83.603	58.169
P-R-W	247	98.780	55.617
P-R-X	324	178.95	77.148
P-R-Y	239	101.12	59.275
Q-R-A	222	76.312	48.518
Q-R-C	209	78.680	49.078
Q-R-D	266	81.977	61.706
Q-R-E	226	78.186	49.468
Q-R-F	236	77.787	47.023
Q-R-G	260	89.270	58.123
Q-R-H	245	94.380	53.171
Q-R-I	228	83.921	47.427
Q-R-K	283	80.731	53.870
Q-R-L	226	74.857	51.739
Q-R-M	244	77.324	53.896
Q-R-N	261	82.129	52.379
Q-R-P	232	87.362	44.516
Q-R-Q	246	83.536	52.889
Q-R-R	277	79.896	56.884
Q-R-S	281	71.307	56.140
Q-R-T	249	88.295	50.824
Q-R-V	252	88.625	53.543
Q-R-W	240	84.405	43.316
Q-R-X	297	164.45	59.749
Q-R-Y	213	81.917	44.504
R-R-A	249	85.324	54.156
R-R-C	243	67.043	45.156
R-R-D	265	98.123	56.633
R-R-E	298	96.364	55.083
R-R-F	229	73.099	49.477
R-R-G	260	85.591	56.276
R-R-H	218	94.707	55.718
R-R-I	246	72.610	51.531
R-R-K	240	84.874	57.762
R-R-L	260	84.374	53.818
R-R-M	226	76.970	41.373
R-R-N	286	95.477	59.146
R-R-P	229	75.603	54.048
R-R-Q	238	74.359	58.051
R-R-R	250	91.314	54.419
R-R-S	249	95.741	61.219
R-R-T	257	89.108	55.088
R-R-V	243	85.626	49.279
R-R-W	236	58.085	58.351
R-R-X	319	178.71	77.704
R-R-Y	252	88.372	52.794
S-R-A	266	87.924	59.453
S-R-C	213	67.359	38.160
S-R-D	240	87.186	58.050
S-R-E	252	94.105	58.171
S-R-F	241	69.655	51.534
S-R-G	256	77.526	55.049
S-R-H	241	77.648	48.800
S-R-I	262	76.006	54.201
S-R-K	251	103.07	53.106
S-R-L	287	74.409	58.456
S-R-M	223	76.839	51.412
S-R-N	300	104.01	62.634
S-R-P	243	65.462	55.170
S-R-Q	293	82.930	58.780
S-R-R	256	93.903	65.568
S-R-S	266	87.311	59.308
S-R-T	268	80.419	68.308
S-R-V	257	84.779	51.836
S-R-W	224	105.52	52.279
S-R-X	309	154.09	68.705
S-R-Y	238	86.296	50.613
T-R-A	253	86.856	56.960
T-R-C	230	75.104	40.929
T-R-D	249	88.478	58.392
T-R-E	261	83.273	54.067
T-R-F	259	95.451	51.576
T-R-G	262	79.825	58.387
T-R-H	253	92.456	55.050
T-R-I	296	86.262	72.764
T-R-K	245	96.230	54.998
T-R-L	245	80.256	50.848
T-R-M	232	60.444	52.954
T-R-N	256	89.749	53.280
T-R-P	235	65.718	57.021
T-R-Q	268	87.391	53.299
T-R-R	243	82.194	54.286
T-R-S	256	88.600	57.438
T-R-T	246	94.285	63.425
T-R-V	258	71.815	52.781
T-R-W	214	69.013	59.664
T-R-X	289	154.51	59.201
T-R-Y	247	87.559	56.017
V-R-A	249	78.629	48.321
V-R-C	231	50.045	50.702
V-R-D	228	83.598	51.043
V-R-E	242	81.199	50.963
V-R-F	223	58.737	49.678
V-R-G	260	88.820	54.017
V-R-H	241	79.390	52.343
V-R-I	221	60.507	50.631
V-R-K	238	79.768	48.974
V-R-L	230	71.933	47.116
V-R-M	228	77.658	41.256
V-R-N	239	68.986	47.820
V-R-P	231	79.344	55.429
V-R-Q	234	80.022	54.842
V-R-R	269	70.912	49.874
V-R-S	255	80.346	52.279
V-R-T	258	75.309	50.828
V-R-V	251	71.270	49.937
V-R-W	212	68.130	47.414
V-R-X	293	134.68	79.278
V-R-Y	232	62.885	51.353
W-R-A	213	77.562	48.674
W-R-C	157	84.434	30.362
W-R-D	196	51.279	44.079
W-R-E	259	101.28	64.069
W-R-F	201	75.642	49.604
W-R-G	241	86.593	51.750
W-R-H	195	79.822	46.876
W-R-I	202	54.638	54.114
W-R-K	297	93.995	71.988
W-R-L	209	73.619	54.755
W-R-M	209	40.258	40.951
W-R-N	254	84.643	45.899
W-R-P	208	45.216	52.220
W-R-Q	233	81.185	47.092
W-R-R	242	74.081	60.763
W-R-S	238	79.350	49.976
W-R-T	191	59.204	47.643
W-R-V	189	74.199	46.961
W-R-W	143	41.812	29.269
W-R-X	273	180.51	56.594
W-R-Y	229	64.131	42.592
X-R-A	300	133.39	85.603
X-R-C	306	161.02	80.088
X-R-D	300	163.48	79.144
X-R-E	292	129.26	75.737
X-R-F	269	148.36	76.980
X-R-G	311	135.75	83.610
X-R-H	286	143.47	86.581
X-R-I	299	136.72	81.358
X-R-K	303	155.55	65.952
X-R-L	300	124.34	71.911
X-R-M	283	211.89	48.223
X-R-N	282	161	74.337
X-R-P	285	163.02	53.828
X-R-Q	292	145.55	74.862
X-R-R	311	117.10	67.946
X-R-S	295	162.57	72.361
X-R-T	297	160.30	71.965
X-R-V	292	143.21	69.653
X-R-X	326	76.474	60.235
X-R-Y	279	153.23	62.872
Y-R-A	245	77.855	55.979
Y-R-C	223	92.077	59.162
Y-R-D	250	94.254	55.428
Y-R-E	233	79.338	52.311
Y-R-F	184	64.062	49.734
Y-R-G	275	119.88	60.507
Y-R-H	238	86.546	61.177
Y-R-I	250	73.804	47.064
Y-R-K	235	84.567	49.295
Y-R-L	231	70.604	45.119
Y-R-M	222	73.411	52.354
Y-R-N	245	105.56	55.652
Y-R-P	224	75.774	51.899
Y-R-Q	255	84.454	54.604
Y-R-R	246	76.373	52.317
Y-R-S	242	89.445	58.068
Y-R-T	229	80.903	58.405
Y-R-V	238	71.082	50.057
Y-R-W	195	81.442	38.185
Y-R-X	306	122.52	63.142
Y-R-Y	231	77.394	50.212
