A-M-A	181	19.450	30.333
A-M-C	160	7.7375	20.898
A-M-D	193	28.741	37.123
A-M-E	171	26.585	39.223
A-M-F	187	27.014	34.228
A-M-G	191	25.450	35.351
A-M-H	142	37.193	36.520
A-M-I	165	15.248	29.204
A-M-K	179	18.461	31.061
A-M-L	165	25.119	35.708
A-M-M	112	26.068	27.806
A-M-N	197	29.425	46.834
A-M-P	201	23.318	27.598
A-M-Q	174	14.689	26.285
A-M-R	168	24.364	35.040
A-M-S	187	21.735	33.386
A-M-T	174	20.347	29.920
A-M-V	187	18.782	29.244
A-M-W	111	21.359	32.871
A-M-X	244	127.56	48.114
A-M-Y	168	17.305	29.605
C-M-A	138	19.661	28.169
C-M-D	121	20.777	22.750
C-M-E	127	21.626	30.047
C-M-F	62	6.1471	11.735
C-M-G	171	32.987	40.804
C-M-H	25	2.9375	5.2475
C-M-I	100	22.073	23.060
C-M-K	168	11.768	27.213
C-M-L	105	16.337	23.212
C-M-M	164	40.184	54.708
C-M-N	156	9.9137	14.416
C-M-P	132	24.255	38.485
C-M-Q	159	22.616	35.910
C-M-R	144	40.510	43.170
C-M-S	127	25.015	38.733
C-M-T	137	44.090	35.838
C-M-V	129	10.804	23.010
C-M-X	235	102.06	68.560
C-M-Y	148	38.644	51.696
D-M-A	174	36.347	52.173
D-M-C	176	9.8963	24.489
D-M-D	151	21.929	23.767
D-M-E	171	24.315	31.911
D-M-F	178	27.413	36.448
D-M-G	182	31.229	33.388
D-M-H	165	17.022	27.104
D-M-I	177	21.879	33.696
D-M-K	167	24.239	31.072
D-M-L	169	21.013	25.320
D-M-M	155	12.311	28.271
D-M-N	163	30.344	38.574
D-M-P	176	23.735	36.261
D-M-Q	166	21.077	24.198
D-M-R	140	20.455	26.258
D-M-S	169	39.794	31.113
D-M-T	165	21.103	31.752
D-M-V	153	18.274	26.246
D-M-W	78	12.579	13.081
D-M-X	231	73.711	20.140
D-M-Y	157	16.884	29.963
E-M-A	143	19.127	27.606
E-M-C	159	16.140	33.973
E-M-D	172	36.625	37.499
E-M-E	157	21.889	25.968
E-M-F	162	31.808	41.112
E-M-G	196	44.681	45.404
E-M-H	149	14.811	24.602
E-M-I	170	28.954	34.426
E-M-K	150	19.061	28.556
E-M-L	182	19.994	35.221
E-M-M	155	28.841	39.715
E-M-N	181	31.201	35.699
E-M-P	168	27.384	30.476
E-M-Q	180	18.131	26.877
E-M-R	149	20.371	31.157
E-M-S	191	30.043	32.561
E-M-T	179	31.333	33.418
E-M-V	162	15.831	27.000
E-M-W	189	23.967	32.980
E-M-X	180	96.351	28.224
E-M-Y	170	22.391	35.396
F-M-A	199	36.858	43.522
F-M-C	168	12.229	26.420
F-M-D	158	23.654	37.069
F-M-E	135	28.010	28.179
F-M-F	124	41.250	39.085
F-M-G	140	15.977	24.240
F-M-H	132	27.720	35.376
F-M-I	99	10.208	18.452
F-M-K	137	32.273	32.743
F-M-L	170	20.901	33.533
F-M-M	130	14.493	24.716
F-M-N	153	32.682	41.505
F-M-P	136	18.706	29.592
F-M-Q	129	28.214	28.028
F-M-R	147	24.884	34.857
F-M-S	203	24.160	33.420
F-M-T	161	27.830	36.742
F-M-V	141	22.644	31.952
F-M-W	103	21.955	29.123
F-M-Y	116	26.536	28.769
G-M-A	199	35.325	43.121
G-M-C	191	44.561	42.579
G-M-D	179	19.286	28.105
G-M-E	205	31.627	34.805
G-M-F	189	17.340	31.600
G-M-G	204	29.351	43.377
G-M-H	165	20.136	33.880
G-M-I	192	26.230	35.754
G-M-K	210	22.281	34.018
G-M-L	170	27.282	34.597
G-M-M	178	17.181	32.704
G-M-N	199	16.113	29.766
G-M-P	146	32.958	30.965
G-M-Q	161	22.544	27.478
G-M-R	201	31.598	38.491
G-M-S	174	31.560	38.163
G-M-T	188	21.430	28.794
G-M-V	189	21.575	31.434
G-M-W	130	38.935	37.539
G-M-X	259	109.61	42.370
G-M-Y	160	20.820	30.525
H-M-A	193	28.234	34.171
H-M-C	103	4.2427	11.767
H-M-D	165	33.958	35.811
H-M-E	191	29.447	44.794
H-M-F	169	17.916	32.934
H-M-G	182	15.802	30.839
H-M-H	118	30.836	36.860
H-M-I	175	25.444	37.265
H-M-K	128	13.757	25.601
H-M-L	144	23.744	32.559
H-M-M	135	20.385	36.965
H-M-N	176	33.623	46.229
H-M-P	175	16.028	33.213
H-M-Q	173	18.857	33.740
H-M-R	159	22.381	34.065
H-M-S	201	36.567	54.660
H-M-T	182	28.013	31.192
H-M-V	191	28.559	44.321
H-M-W	171	17.669	33.763
H-M-Y	159	26.064	34.330
I-M-A	187	19.448	31.829
I-M-C	148	28.667	38.564
I-M-D	138	25.288	28.606
I-M-E	185	23.151	32.407
I-M-F	147	16.779	26.752
I-M-G	171	28.379	38.952
I-M-H	152	9.2685	22.405
I-M-I	176	14.739	29.968
I-M-K	187	24.314	32.991
I-M-L	157	15.982	32.555
I-M-M	101	20.783	26.834
I-M-N	173	17.273	31.833
I-M-P	156	20.295	28.070
I-M-Q	164	15.448	22.670
I-M-R	165	14.973	25.067
I-M-S	117	17.878	25.776
I-M-T	142	20.054	30.946
I-M-V	123	4.6506	13.218
I-M-W	115	30.655	39.204
I-M-X	214	133.94	59.377
I-M-Y	114	18.620	25.366
K-M-A	167	29.579	32.218
K-M-C	142	71.194	48.114
K-M-D	179	32.427	27.466
K-M-E	155	34.608	38.356
K-M-F	146	20.501	32.957
K-M-G	165	38.018	42.279
K-M-H	185	31.646	43.311
K-M-I	174	50.167	48.551
K-M-K	172	24.616	33.863
K-M-L	167	31.579	38.532
K-M-M	153	47.443	43.984
K-M-N	177	28.241	38.202
K-M-P	154	25.821	29.918
K-M-Q	142	26.893	35.982
K-M-R	164	34.961	40.650
K-M-S	166	19.413	24.463
K-M-T	160	28.809	34.670
K-M-V	154	19.340	27.834
K-M-W	121	22.849	26.687
K-M-X	217	109.28	61.371
K-M-Y	197	32.663	42.762
L-M-A	185	20.343	33.120
L-M-C	127	16.182	21.891
L-M-D	167	31.148	34.887
L-M-E	200	33.505	34.241
L-M-F	150	21.863	31.896
L-M-G	174	24.874	32.266
L-M-H	155	23.829	27.025
L-M-I	148	19.015	31.776
L-M-K	192	23.305	36.118
L-M-L	161	14.541	26.156
L-M-M	152	20.452	32.745
L-M-N	151	27.407	33.889
L-M-P	141	21.118	28.722
L-M-Q	171	16.280	29.646
L-M-R	176	22.640	31.962
L-M-S	182	19.252	29.491
L-M-T	161	15.775	28.031
L-M-V	177	13.915	23.656
L-M-W	111	39.374	38.278
L-M-X	201	102.45	48.173
L-M-Y	143	27.710	34.336
M-M-A	137	16.976	26.688
M-M-C	101	6.9688	20.425
M-M-D	197	31.051	35.352
M-M-E	191	34.959	45.413
M-M-F	98	13.125	21.261
M-M-G	162	30.969	38.214
M-M-H	194	31.227	57.749
M-M-I	144	20.180	31.292
M-M-K	189	24.395	33.356
M-M-L	161	10.895	25.944
M-M-M	126	23.549	36.217
M-M-N	164	25.530	37.316
M-M-P	149	28.065	40.893
M-M-Q	93	19.059	24.092
M-M-R	185	24.721	36.311
M-M-S	164	25.184	35.084
M-M-T	165	20.932	31.988
M-M-V	133	38.939	40.476
M-M-Y	185	35.371	47.587
N-M-A	128	18.061	25.565
N-M-C	34	4.6170	8.8651
N-M-D	169	37.071	46.065
N-M-E	172	28.326	35.916
N-M-F	164	7.6914	13.132
N-M-G	142	28.225	34.018
N-M-H	122	22.268	21.634
N-M-I	109	12.830	17.095
N-M-K	191	17.005	28.634
N-M-L	137	24.053	26.654
N-M-M	165	31.821	32.969
N-M-N	159	28.934	33.966
N-M-P	144	21.505	24.139
N-M-Q	187	28.599	30.797
N-M-R	161	22.852	31.603
N-M-S	176	17.877	31.089
N-M-T	186	20.832	28.682
N-M-V	166	10.690	20.398
N-M-W	117	4.8725	14.575
N-M-X	253	95.359	77.451
N-M-Y	158	20.731	32.877
P-M-A	195	15.808	26.999
P-M-C	165	51.176	47.495
P-M-D	174	38.072	46.338
P-M-E	187	42.572	43.312
P-M-F	154	22.865	25.349
P-M-G	190	35.251	41.850
P-M-H	165	35.964	39.201
P-M-I	157	21.105	28.637
P-M-K	162	24.729	32.569
P-M-L	171	36.958	37.815
P-M-M	158	26.259	35.501
P-M-N	189	23.421	32.524
P-M-P	172	60.584	48.642
P-M-Q	175	40.415	45.435
P-M-R	139	28.489	33.150
P-M-S	199	36.037	49.877
P-M-T	187	38.700	36.605
P-M-V	188	22	31.798
P-M-W	70	26.323	21.453
P-M-Y	181	40.173	47.911
Q-M-A	179	16.880	32.427
Q-M-C	112	15.357	20.466
Q-M-D	146	24.186	33.642
Q-M-E	158	30.668	39.636
Q-M-F	134	29.363	27.925
Q-M-G	166	36.105	26.681
Q-M-H	130	25.690	27.621
Q-M-I	115	12.895	20.339
Q-M-K	147	16.738	28.258
Q-M-L	168	18.453	30.443
Q-M-M	125	23.887	24.523
Q-M-N	177	22.887	36.574
Q-M-P	163	38.944	37.346
Q-M-Q	150	17.648	27.605
Q-M-R	171	19.841	29.543
Q-M-S	155	19.487	28.869
Q-M-T	143	14.051	21.312
Q-M-V	181	20.973	29.868
Q-M-W	171	20.129	28.360
Q-M-Y	168	36.696	39.937
R-M-A	143	19.744	25.386
R-M-C	136	20.183	28.949
R-M-D	155	30.798	35.491
R-M-E	163	11.435	23.888
R-M-F	142	14.726	25.066
R-M-G	185	28.938	35.399
R-M-H	137	11.680	24.839
R-M-I	168	16.163	24.839
R-M-K	152	12.402	24.177
R-M-L	176	18.400	23.152
R-M-M	192	36.431	43.497
R-M-N	164	25.835	32.969
R-M-P	160	22.140	29.470
R-M-Q	163	24.159	32.470
R-M-R	178	28.907	38.211
R-M-S	164	14.847	26.407
R-M-T	149	28.166	35.240
R-M-V	136	14.906	24.810
R-M-W	86	19.037	28.517
R-M-Y	132	26.101	30.638
S-M-A	188	15.212	25.634
S-M-C	169	29.504	42.819
S-M-D	184	26.912	33.789
S-M-E	195	24.355	36.775
S-M-F	145	22.642	30.499
S-M-G	171	36.311	41.279
S-M-H	182	25.202	31.634
S-M-I	145	28.053	34.733
S-M-K	138	20.332	31.635
S-M-L	181	23.475	31.241
S-M-M	141	19.189	32.104
S-M-N	174	24.094	36.117
S-M-P	171	37.399	47.408
S-M-Q	170	34.585	41.152
S-M-R	198	21.240	31.556
S-M-S	183	27.182	39.189
S-M-T	160	25.630	34.607
S-M-V	192	27.610	39.517
S-M-W	171	34.745	43.625
S-M-X	264	120.10	78.591
S-M-Y	175	35.680	37.368
T-M-A	179	18.980	28.014
T-M-C	141	25.632	41.559
T-M-D	159	34.137	32.347
T-M-E	195	29.458	38.489
T-M-F	130	32.581	35.256
T-M-G	159	37.122	41.718
T-M-H	110	29.353	27.740
T-M-I	131	21.898	32.359
T-M-K	123	22.249	26.412
T-M-L	149	18.037	32.320
T-M-M	178	16.498	26.415
T-M-N	137	24.654	28.287
T-M-P	142	20.891	25.811
T-M-Q	174	18.160	32.170
T-M-R	170	17.371	28.204
T-M-S	175	25.276	30.608
T-M-T	137	17.284	24.239
T-M-V	130	16.444	27.783
T-M-W	99	17.448	19.671
T-M-X	199	113.05	52.686
T-M-Y	144	27.036	32.844
V-M-A	167	22.650	35.046
V-M-C	144	8.6574	23.937
V-M-D	169	19.833	28.467
V-M-E	175	35.001	39.693
V-M-F	152	21.834	35.006
V-M-G	196	26.892	31.902
V-M-H	94	10.256	20.533
V-M-I	150	17.127	33.283
V-M-K	183	17.398	29.859
V-M-L	170	14.020	27.138
V-M-M	119	22.567	33.217
V-M-N	170	24.900	35.193
V-M-P	152	22.539	32.868
V-M-Q	118	25.232	29.311
V-M-R	167	14.321	27.664
V-M-S	182	20.367	32.591
V-M-T	183	14.851	29.077
V-M-V	170	13.503	27.582
V-M-W	87	4.8523	13.651
V-M-X	254	105.02	87.554
V-M-Y	137	14.264	21.025
W-M-A	123	18.919	28.133
W-M-C	65	0.61644	6.0714
W-M-D	180	30.873	55.908
W-M-E	133	15.108	21.901
W-M-F	84	12.676	18.527
W-M-G	164	25.873	37.338
W-M-H	152	33.883	37.770
W-M-I	43	3.9130	7.0830
W-M-K	159	24.728	37.419
W-M-L	155	24.785	32.689
W-M-M	135	35.941	49.006
W-M-N	131	5.9831	14.654
W-M-P	106	20.283	28.962
W-M-Q	162	25.379	44.840
W-M-R	158	23.904	42.179
W-M-S	169	19.227	33.265
W-M-T	152	24.505	39.540
W-M-V	103	23.082	23.909
X-M-A	254	117.98	69.872
X-M-D	243	97.796	58.832
X-M-E	253	125.99	63.041
X-M-F	258	93.078	75.602
X-M-G	258	166.47	54.520
X-M-H	228	100.49	54.220
X-M-I	257	107.83	56.543
X-M-K	247	100.08	59.745
X-M-L	244	114.44	57.008
X-M-M	248	134.73	64.638
X-M-N	229	85.680	36.012
X-M-P	232	136.90	51.485
X-M-Q	239	102.40	49.350
X-M-R	247	114.71	51.855
X-M-S	245	158.81	49.469
X-M-T	245	133.57	54.153
X-M-V	253	133.15	56.717
X-M-Y	239	131.58	65.472
Y-M-A	160	28.829	38.551
Y-M-C	156	15.864	36.728
Y-M-D	143	32.944	41.085
Y-M-E	116	24.282	27.244
Y-M-F	105	12.483	17.934
Y-M-G	153	24.631	28.116
Y-M-H	130	7.9454	20.014
Y-M-I	135	15.669	26.862
Y-M-K	142	30.188	31.942
Y-M-L	181	23.785	30.365
Y-M-M	135	19.599	29.697
Y-M-N	131	21.340	35.668
Y-M-P	133	27.613	36.760
Y-M-Q	179	17.899	37.425
Y-M-R	139	22.487	34.685
Y-M-S	174	18.444	21.862
Y-M-T	140	21.891	29.994
Y-M-V	157	28.263	42.883
Y-M-W	87	4.3966	14.858
Y-M-Y	111	9.6686	17.396
