A-G-A	96	21.608	20.631
A-G-C	87	19.470	22.935
A-G-D	92	29.822	25.918
A-G-E	95	26.075	23.692
A-G-F	90	28.179	23.563
A-G-G	96	24.338	24.170
A-G-H	90	22.383	23.312
A-G-I	91	25.673	25.166
A-G-K	95	30.713	25.128
A-G-L	91	22.303	23.466
A-G-M	88	21.786	23.582
A-G-N	100	23.033	22.733
A-G-P	75	16.219	14.818
A-G-Q	94	29.047	25.269
A-G-R	93	23.753	25.229
A-G-S	100	24.475	24.677
A-G-T	96	26.607	23.659
A-G-V	93	24.265	23.553
A-G-W	84	22.105	24.100
A-G-X	158	72.326	40.250
A-G-Y	91	18.049	22.375
C-G-A	82	15.415	15.839
C-G-C	90	15.340	18.636
C-G-D	88	28.540	20.667
C-G-E	79	27.742	19.747
C-G-F	92	16.965	23.770
C-G-G	98	17.174	22.895
C-G-H	79	30.011	27.045
C-G-I	77	18.686	25.480
C-G-K	82	23.595	20.939
C-G-L	86	17.243	21.952
C-G-M	75	7.2964	13.085
C-G-N	89	15.667	19.374
C-G-P	76	15.615	15.522
C-G-Q	90	12.848	18.130
C-G-R	83	17.512	20.444
C-G-S	82	18.407	19.360
C-G-T	75	18.355	19.162
C-G-V	85	29.073	29.966
C-G-W	58	13.573	16.054
C-G-X	149	72.464	36.411
C-G-Y	66	16.489	19.177
D-G-A	96	21.531	24.546
D-G-C	92	19.698	21.665
D-G-D	95	30.180	21.997
D-G-E	93	33.120	25.529
D-G-F	94	15.413	18.574
D-G-G	96	26.620	25.826
D-G-H	91	26.349	23.927
D-G-I	88	14.428	19.019
D-G-K	95	36.797	23.127
D-G-L	88	18.352	22.582
D-G-M	91	18.589	25.288
D-G-N	92	30.772	24.354
D-G-P	77	17.430	16.132
D-G-Q	96	35.085	23.450
D-G-R	91	30.620	24.420
D-G-S	96	30.986	23.539
D-G-T	92	28.928	20.652
D-G-V	93	20.818	22.402
D-G-W	81	18.607	21.025
D-G-X	205	52.289	42.645
D-G-Y	82	23.971	19.962
E-G-A	94	22.977	23.191
E-G-C	90	25.880	18.859
E-G-D	91	29.313	23.340
E-G-E	98	37.182	26.847
E-G-F	88	20.087	22.466
E-G-G	98	27.938	26.607
E-G-H	90	31.121	23.824
E-G-I	88	20.850	22.937
E-G-K	92	35.126	26.209
E-G-L	94	24.526	22.473
E-G-M	83	23.412	23.465
E-G-N	92	32.916	24.516
E-G-P	77	21.346	16.342
E-G-Q	97	29.827	24.016
E-G-R	93	32.491	25.407
E-G-S	93	28.534	22.293
E-G-T	93	24.591	21.943
E-G-V	93	23.901	24.603
E-G-W	92	22.911	21.931
E-G-X	156	70.264	36.873
E-G-Y	89	25.720	22.544
F-G-A	85	18.193	20.525
F-G-C	81	26.151	26.101
F-G-D	91	24.069	21.576
F-G-E	88	21.409	21.507
F-G-F	81	18.087	21.724
F-G-G	89	18.002	22.588
F-G-H	82	16.212	20.040
F-G-I	80	14.668	19.575
F-G-K	83	18.866	17.319
F-G-L	77	16.893	20.777
F-G-M	72	13.730	17.801
F-G-N	78	21.225	19.701
F-G-P	64	12.970	13.947
F-G-Q	90	13.516	15.860
F-G-R	86	22.299	21.187
F-G-S	89	22.762	21.256
F-G-T	91	16.110	19.365
F-G-V	88	17.713	21.837
F-G-W	84	13.730	19.566
F-G-X	149	75.542	30.201
F-G-Y	89	17.791	22.513
G-G-A	94	22.053	22.830
G-G-C	95	14.353	18.824
G-G-D	96	17.068	19.887
G-G-E	96	25.088	24.495
G-G-F	96	13.020	15.386
G-G-G	98	21.748	23.428
G-G-H	88	17.181	21.788
G-G-I	94	15.881	19.215
G-G-K	95	25.392	21.835
G-G-L	86	16.318	18.678
G-G-M	86	12.266	16.876
G-G-N	94	25.475	24.515
G-G-P	83	11.010	14.748
G-G-Q	92	29.363	26.306
G-G-R	96	22.971	22.336
G-G-S	98	19.985	21.056
G-G-T	94	16.219	18.788
G-G-V	93	17.383	20.776
G-G-W	82	13.381	16.043
G-G-X	158	58.022	44.089
G-G-Y	92	18.798	19.447
H-G-A	83	17.210	21.470
H-G-C	63	11.016	16.647
H-G-D	91	21.425	24.665
H-G-E	89	19.197	20.940
H-G-F	80	12.796	17.718
H-G-G	95	19.927	25.013
H-G-H	79	16.500	20.022
H-G-I	87	17.672	21.627
H-G-K	92	15.685	22.014
H-G-L	85	23.891	23.143
H-G-M	76	17.925	18.955
H-G-N	87	18.545	21.421
H-G-P	65	14.888	14.102
H-G-Q	87	15.973	23.597
H-G-R	86	25.025	22.177
H-G-S	88	27.853	23.230
H-G-T	93	16.967	22.236
H-G-V	84	21.565	23.916
H-G-W	78	31.024	25.885
H-G-X	179	58.923	39.506
H-G-Y	81	21.261	25.435
I-G-A	92	16.334	20.143
I-G-C	78	21.010	23.099
I-G-D	79	20.950	21.765
I-G-E	88	15.678	17.622
I-G-F	84	11.825	17.608
I-G-G	96	20.056	23.204
I-G-H	71	13.211	14.487
I-G-I	82	7.6005	15.386
I-G-K	83	19.401	20.315
I-G-L	80	11.138	18.154
I-G-M	74	13.591	17.897
I-G-N	88	19.008	20.730
I-G-P	73	12.788	13.763
I-G-Q	74	16.493	16.936
I-G-R	92	19.214	24.613
I-G-S	94	12.396	18.145
I-G-T	96	16.184	21.206
I-G-V	83	10.280	17.471
I-G-W	88	10.143	12.715
I-G-X	127	50.500	36.270
I-G-Y	70	10.867	17.380
K-G-A	94	26.254	23.489
K-G-C	88	26.445	22.973
K-G-D	90	34.602	22.720
K-G-E	90	29.898	23.071
K-G-F	86	20.442	23.156
K-G-G	98	30.435	26.050
K-G-H	87	24.888	17.595
K-G-I	89	22.681	23.003
K-G-K	95	35.813	24.766
K-G-L	89	24.492	22.801
K-G-M	85	22.577	23.590
K-G-N	94	28.191	23.524
K-G-P	68	15.401	14.109
K-G-Q	93	34.617	26.462
K-G-R	102	30.501	28.316
K-G-S	90	31.780	24.608
K-G-T	93	33.341	28.180
K-G-V	95	26.371	24.054
K-G-W	81	22.353	21.680
K-G-X	146	71.112	48.025
K-G-Y	85	23.947	22.772
L-G-A	92	18.197	19.399
L-G-C	87	11.652	18.833
L-G-D	96	21.851	19.769
L-G-E	94	19.824	20.287
L-G-F	83	19.407	21.568
L-G-G	93	19.992	22.626
L-G-H	85	16.977	21.787
L-G-I	93	20.978	23.683
L-G-K	91	23.947	22.144
L-G-L	86	22.614	22.850
L-G-M	83	23.860	22.409
L-G-N	88	16.515	21.159
L-G-P	73	14.431	14.564
L-G-Q	88	23.319	24.360
L-G-R	81	15.556	20.073
L-G-S	94	22.620	21.350
L-G-T	92	19.497	21.861
L-G-V	81	19.271	21.455
L-G-W	78	17.609	21.562
L-G-X	159	73.216	37.271
L-G-Y	89	26.541	24.988
M-G-A	86	18.455	22.611
M-G-C	83	7.8309	16.486
M-G-D	98	22.323	21.640
M-G-E	75	22.560	16.358
M-G-F	77	19.174	19.694
M-G-G	90	17.841	21.077
M-G-H	84	13.594	19.923
M-G-I	81	15.605	21.948
M-G-K	86	24.195	23.419
M-G-L	77	17.222	20.939
M-G-M	78	12.175	17.824
M-G-N	80	25.996	20.456
M-G-P	65	14.186	13.077
M-G-Q	84	17.117	23.448
M-G-R	87	20.323	22.994
M-G-S	85	18.924	19.333
M-G-T	96	9.7202	16.422
M-G-V	88	22.494	22.546
M-G-W	59	14.506	18.445
M-G-X	130	78.597	42.422
M-G-Y	77	17.038	21.647
N-G-A	94	24.009	22.824
N-G-C	89	19.548	22.867
N-G-D	88	24.222	20.137
N-G-E	98	32.674	22.880
N-G-F	81	16.068	20.365
N-G-G	97	28.510	24.191
N-G-H	81	21.030	22.182
N-G-I	91	18.359	22.646
N-G-K	94	34.952	24.517
N-G-L	87	18.015	21.422
N-G-M	78	15.323	16.912
N-G-N	91	28.225	21.724
N-G-P	74	12.576	14.734
N-G-Q	97	34.204	25.043
N-G-R	91	29.890	25.358
N-G-S	92	27.150	22.519
N-G-T	96	26.324	21.850
N-G-V	85	17.062	20.671
N-G-W	81	21.182	23.415
N-G-X	146	64.518	37.965
N-G-Y	88	24.554	22.508
P-G-A	98	35.280	28.301
P-G-C	90	32.306	25.833
P-G-D	96	34.815	26.286
P-G-E	98	42.117	26.635
P-G-F	95	25.138	24.300
P-G-G	96	26.764	26.139
P-G-H	93	26.570	27.530
P-G-I	95	29.028	27.760
P-G-K	97	43.597	30.340
P-G-L	94	25.225	24.186
P-G-M	95	38.387	29.384
P-G-N	96	40.625	23.761
P-G-P	77	15.496	14.933
P-G-Q	99	53.684	31.535
P-G-R	96	39.682	28.750
P-G-S	98	32.746	27.586
P-G-T	95	29.883	25.481
P-G-V	97	20.971	25.736
P-G-W	99	29.161	27.444
P-G-X	148	62.132	39.952
P-G-Y	94	30.275	28.929
Q-G-A	92	26.086	22.817
Q-G-C	87	48.286	32.061
Q-G-D	87	24.578	21.924
Q-G-E	91	33.015	23.125
Q-G-F	86	17.324	21.927
Q-G-G	95	24.269	25.240
Q-G-H	82	20.098	20.531
Q-G-I	86	17.310	20.462
Q-G-K	95	38.086	26.867
Q-G-L	88	19.541	23.067
Q-G-M	88	17.438	19.445
Q-G-N	88	21.847	23.683
Q-G-P	69	13.047	14.329
Q-G-Q	93	25.438	23.086
Q-G-R	91	31.359	26.986
Q-G-S	90	24.069	23.125
Q-G-T	88	21.634	21.542
Q-G-V	91	19.607	21.941
Q-G-W	79	32.018	23.321
Q-G-X	156	60.751	40.168
Q-G-Y	82	25.208	23.552
R-G-A	89	26.489	24.132
R-G-C	88	37.105	32.254
R-G-D	96	22.471	20.831
R-G-E	90	35.414	23.606
R-G-F	89	17.497	19.755
R-G-G	94	22.762	23.595
R-G-H	88	24.386	23.698
R-G-I	83	22.366	25.876
R-G-K	93	28.858	25.683
R-G-L	93	22.361	22.674
R-G-M	81	29.561	27.967
R-G-N	91	22.806	22.654
R-G-P	76	14.533	13.691
R-G-Q	89	29.920	25.463
R-G-R	95	24.207	23.576
R-G-S	94	25.300	26.038
R-G-T	94	21.165	22.060
R-G-V	93	20.479	23.034
R-G-W	77	23.719	21.521
R-G-X	155	77.347	46.721
R-G-Y	90	27.241	23.745
S-G-A	91	24.935	23.289
S-G-C	88	26.070	23.923
S-G-D	94	28.446	23.267
S-G-E	93	28.876	24.949
S-G-F	90	24.143	22.536
S-G-G	99	23.360	24.926
S-G-H	90	20.139	23.579
S-G-I	91	23.265	25.856
S-G-K	93	32.934	23.227
S-G-L	92	24.541	23.252
S-G-M	91	17.285	19.857
S-G-N	92	29.639	25.109
S-G-P	79	19.486	16.363
S-G-Q	93	27.159	24.115
S-G-R	93	27.503	25.111
S-G-S	94	28.078	23.343
S-G-T	91	21.948	18.599
S-G-V	96	27.769	26.242
S-G-W	73	11.518	16.403
S-G-X	134	71.323	35.737
S-G-Y	88	27.287	25.533
T-G-A	96	21.572	21.249
T-G-C	84	17.507	21.439
T-G-D	96	29.259	21.518
T-G-E	91	24.907	20.451
T-G-F	82	15.658	20.420
T-G-G	91	22.406	22.099
T-G-H	88	25.495	24.571
T-G-I	85	17.314	21.065
T-G-K	89	27.078	22.452
T-G-L	86	21.323	23.733
T-G-M	90	21.727	21.237
T-G-N	92	20.420	20.952
T-G-P	68	13.733	13.453
T-G-Q	80	22.167	22.154
T-G-R	93	24.181	24.305
T-G-S	98	27.963	26.650
T-G-T	96	20.157	16.887
T-G-V	88	21.988	20.840
T-G-W	92	10.026	19.234
T-G-X	148	63.223	34.498
T-G-Y	84	17.255	19.767
V-G-A	86	16.402	19.681
V-G-C	77	10.183	14.730
V-G-D	97	22.033	21.937
V-G-E	85	19.337	20.982
V-G-F	81	10.455	16.554
V-G-G	98	22.413	22.457
V-G-H	79	16.330	19.254
V-G-I	88	8.7065	15.690
V-G-K	85	17.759	19.360
V-G-L	91	14.072	20.384
V-G-M	93	12.913	18.462
V-G-N	84	20.592	21.893
V-G-P	76	9.5383	12.261
V-G-Q	83	15.836	17.594
V-G-R	85	16.850	18.253
V-G-S	95	17.197	19.939
V-G-T	94	13.735	18.321
V-G-V	80	12.601	17.222
V-G-W	72	12.096	16.952
V-G-X	148	44.707	41.660
V-G-Y	77	9.0659	14.313
W-G-A	68	11.585	15.413
W-G-C	69	11.604	16.029
W-G-D	84	18.756	18.360
W-G-E	84	16.923	16.333
W-G-F	75	16.993	22.485
W-G-G	79	19.361	19.524
W-G-H	77	16.772	18.271
W-G-I	64	13.512	16.936
W-G-K	78	44.696	22.903
W-G-L	94	15.994	20.455
W-G-M	52	8.9550	9.5579
W-G-N	79	8.6114	15.318
W-G-P	56	9.7197	11.469
W-G-Q	78	12.059	18.023
W-G-R	61	14.619	16.068
W-G-S	67	15.047	16.505
W-G-T	77	18.915	20.621
W-G-V	80	19.401	23.830
W-G-W	63	9.2541	16.579
W-G-X	123	40.889	34.233
W-G-Y	71	11.570	14.543
X-G-A	143	54.233	43.690
X-G-C	130	62.094	38.292
X-G-D	137	68.360	38.806
X-G-E	143	62.690	40.157
X-G-F	140	68.257	42.167
X-G-G	145	74.146	44.922
X-G-H	143	70.753	41.256
X-G-I	134	54.205	35.038
X-G-K	138	66.055	38.198
X-G-L	141	69.324	37.962
X-G-M	139	63.671	39.157
X-G-N	137	74.296	38.721
X-G-P	128	51.962	43.812
X-G-Q	140	62.028	33.789
X-G-R	140	66.622	43.072
X-G-S	142	70.031	37.009
X-G-T	139	67.555	42.843
X-G-V	137	54.852	36.662
X-G-W	132	71.781	40.663
X-G-X	136	34.458	38.104
X-G-Y	134	62.537	38.316
Y-G-A	83	13.604	18.321
Y-G-C	71	13.799	18.645
Y-G-D	95	24.875	23.419
Y-G-E	88	19.662	21.060
Y-G-F	74	11.422	16.856
Y-G-G	93	17.035	21.716
Y-G-H	83	15.543	20.584
Y-G-I	81	13.268	20.276
Y-G-K	93	21.809	20.144
Y-G-L	85	15.374	20.394
Y-G-M	74	18.032	19.920
Y-G-N	81	23.125	18.994
Y-G-P	59	14.063	13.448
Y-G-Q	88	18.068	22.011
Y-G-R	78	17.773	19.614
Y-G-S	83	17.573	21.323
Y-G-T	93	16.559	20.040
Y-G-V	75	18.447	22.056
Y-G-W	70	7.9760	13.865
Y-G-X	148	45	40.949
Y-G-Y	83	14.253	20.733
