A-Q-A	204	69.065	47.328
A-Q-C	181	57.921	51.019
A-Q-D	202	77.214	40.280
A-Q-E	213	78.518	45.227
A-Q-F	192	47.116	42.235
A-Q-G	204	77.260	46.264
A-Q-H	179	64.081	48.392
A-Q-I	196	62.532	47.340
A-Q-K	198	67.688	43.855
A-Q-L	191	65.587	46.502
A-Q-M	201	60.996	45.447
A-Q-N	198	64.483	52.301
A-Q-P	185	65.242	42.518
A-Q-Q	191	74.004	46.038
A-Q-R	192	78.091	49.951
A-Q-S	188	76.191	45.014
A-Q-T	194	66.586	48.396
A-Q-V	197	57.982	40.215
A-Q-W	174	55.035	47.806
A-Q-X	259	142.64	53.522
A-Q-Y	179	67.658	45.778
C-Q-A	187	83.565	44.607
C-Q-C	150	38.202	39.735
C-Q-D	197	61.625	54.441
C-Q-E	181	51.865	54.947
C-Q-F	167	54.913	46.266
C-Q-G	204	81.686	49.138
C-Q-H	178	57.306	48.031
C-Q-I	161	65.101	42.713
C-Q-K	189	73.205	40.345
C-Q-L	198	52.448	48.543
C-Q-M	117	39.757	36.069
C-Q-N	157	61.600	37.028
C-Q-P	158	55.011	48.758
C-Q-Q	165	37.070	44.482
C-Q-R	156	73.860	43.754
C-Q-S	196	63.533	45.891
C-Q-T	160	48.806	41.408
C-Q-V	168	55.564	38.246
C-Q-W	111	27.667	25.625
C-Q-X	212	149.44	47.959
C-Q-Y	157	49.093	38.727
D-Q-A	207	87.961	42.177
D-Q-C	175	63.483	42.420
D-Q-D	202	58.957	50.387
D-Q-E	186	67.349	51.389
D-Q-F	178	66.735	49.121
D-Q-G	214	87.640	56.550
D-Q-H	198	81.573	46.619
D-Q-I	191	75.805	58.504
D-Q-K	195	73.122	48.208
D-Q-L	185	58.530	46.405
D-Q-M	205	58.149	45.404
D-Q-N	213	78.880	52.302
D-Q-P	177	56.640	40.555
D-Q-Q	198	78.493	44.643
D-Q-R	205	78.455	56.729
D-Q-S	195	55.473	48.649
D-Q-T	192	60.717	49.262
D-Q-V	202	58.416	44.366
D-Q-W	164	62.471	37.343
D-Q-X	222	95.810	65.113
D-Q-Y	178	70.374	44.829
E-Q-A	194	62.425	46.471
E-Q-C	178	77.812	40.499
E-Q-D	198	66.371	54.805
E-Q-E	204	85.695	47.658
E-Q-F	170	65.878	37.433
E-Q-G	211	76.016	47.574
E-Q-H	199	68.363	56.398
E-Q-I	200	55.700	39.913
E-Q-K	194	61.929	41.983
E-Q-L	193	61.439	43.922
E-Q-M	168	65.972	43.868
E-Q-N	202	83.120	51.319
E-Q-P	184	67.871	45.746
E-Q-Q	185	81.752	47.440
E-Q-R	210	73.098	46.008
E-Q-S	226	71.067	50.691
E-Q-T	199	77.567	51.809
E-Q-V	197	57.689	43.555
E-Q-W	183	60.926	43.658
E-Q-X	246	140.42	59.547
E-Q-Y	182	60.896	44.946
F-Q-A	199	67.859	48.404
F-Q-C	159	45.231	44.263
F-Q-D	204	79.871	49.749
F-Q-E	182	77.997	38.697
F-Q-F	164	39.144	35.083
F-Q-G	194	71.363	56.145
F-Q-H	209	59.963	47.377
F-Q-I	165	49.620	43.650
F-Q-K	185	63.304	49.090
F-Q-L	195	61.856	46.321
F-Q-M	165	54.512	29.046
F-Q-N	178	71.381	39.773
F-Q-P	185	67.984	42.577
F-Q-Q	174	69.311	40.631
F-Q-R	181	56.341	43.811
F-Q-S	193	57.004	47.775
F-Q-T	176	72.268	49.886
F-Q-V	188	45.690	46.832
F-Q-W	159	57.643	45.272
F-Q-X	226	142.90	62.931
F-Q-Y	176	66.681	45.528
G-Q-A	214	57.934	48.450
G-Q-C	204	69.056	58.814
G-Q-D	206	68.944	50.958
G-Q-E	198	68.159	49.135
G-Q-F	199	74.132	48.807
G-Q-G	229	81.213	48.005
G-Q-H	193	58.481	46.972
G-Q-I	185	59.247	43.175
G-Q-K	214	66.970	41.107
G-Q-L	189	70.414	43.414
G-Q-M	223	69.060	47.353
G-Q-N	191	75.772	49.690
G-Q-P	192	77.226	44.345
G-Q-Q	213	65.630	51.177
G-Q-R	199	75.932	46.156
G-Q-S	210	60.854	42.097
G-Q-T	204	65.214	46.986
G-Q-V	198	66.833	47.045
G-Q-W	202	75.820	41.488
G-Q-X	237	102.51	73.158
G-Q-Y	187	58.270	49.842
H-Q-A	208	72.250	51.764
H-Q-C	161	48.508	35.792
H-Q-D	195	62.686	48.716
H-Q-E	166	45.405	34.589
H-Q-F	157	58.610	40.820
H-Q-G	198	87.007	59.298
H-Q-H	148	55.405	51.425
H-Q-I	187	57.700	47.764
H-Q-K	186	65.194	44.570
H-Q-L	184	56.802	47.947
H-Q-M	179	68.123	49.128
H-Q-N	187	77.209	44.301
H-Q-P	172	58.321	45.382
H-Q-Q	209	48.933	47.146
H-Q-R	204	58.961	44.136
H-Q-S	166	46.744	46.260
H-Q-T	174	61.155	36.344
H-Q-V	184	49.429	40.880
H-Q-W	182	44.523	41.678
H-Q-X	272	175.03	58.406
H-Q-Y	175	62.580	42.911
I-Q-A	204	65.685	47.581
I-Q-C	156	50.668	38.700
I-Q-D	210	70.603	48.298
I-Q-E	189	61.195	38.633
I-Q-F	171	51.314	39.239
I-Q-G	205	57.715	45.850
I-Q-H	184	76.820	53.622
I-Q-I	208	45.329	43.140
I-Q-K	185	63.950	39.327
I-Q-L	188	51.998	42.650
I-Q-M	179	63.870	48.808
I-Q-N	206	62.666	46.505
I-Q-P	177	77.830	49.411
I-Q-Q	190	71.331	48.127
I-Q-R	178	67.118	43.169
I-Q-S	183	56.520	47.289
I-Q-T	199	51.492	45.599
I-Q-V	192	46.798	37.276
I-Q-W	179	58.305	31.319
I-Q-X	259	138.27	70.724
I-Q-Y	166	62.689	50.710
K-Q-A	195	66.301	47.381
K-Q-C	190	72.801	42.992
K-Q-D	210	77.225	49.746
K-Q-E	203	82.849	52.309
K-Q-F	191	77.801	44.189
K-Q-G	211	85.198	47.141
K-Q-H	174	89.569	43.927
K-Q-I	195	66.633	45.999
K-Q-K	209	98.165	52.984
K-Q-L	184	68.501	44.932
K-Q-M	189	70.523	49.778
K-Q-N	190	81.030	51.661
K-Q-P	174	68.644	37.791
K-Q-Q	192	97.947	47.358
K-Q-R	213	76.090	47.393
K-Q-S	209	77.226	48.956
K-Q-T	203	85.959	51.689
K-Q-V	201	72.891	51.295
K-Q-W	158	64.075	47.540
K-Q-X	264	140.38	57.078
K-Q-Y	179	75.175	46.906
L-Q-A	215	67.630	47.373
L-Q-C	173	63.654	46.282
L-Q-D	209	72.574	45.264
L-Q-E	196	76.079	44.237
L-Q-F	197	44.128	48.119
L-Q-G	200	64.989	51.133
L-Q-H	204	73.907	53.506
L-Q-I	198	47.362	43.741
L-Q-K	213	70.201	44.409
L-Q-L	204	62.063	49.386
L-Q-M	162	54.241	34.818
L-Q-N	194	72.207	40.932
L-Q-P	176	67.169	41.578
L-Q-Q	189	71.688	40.470
L-Q-R	200	68.658	44.110
L-Q-S	190	67.645	45.700
L-Q-T	186	71.178	46.259
L-Q-V	200	57.631	46.777
L-Q-W	161	41.749	38.970
L-Q-X	268	128.62	64.016
L-Q-Y	171	56.713	43.693
M-Q-A	191	58.105	50.758
M-Q-C	168	71.939	51.774
M-Q-D	191	66.223	45.643
M-Q-E	185	71.413	45.880
M-Q-F	181	49.865	39.292
M-Q-G	194	68.289	54.377
M-Q-H	189	54.073	54.737
M-Q-I	152	52.888	38.245
M-Q-K	175	74.249	35.657
M-Q-L	189	59.081	41.563
M-Q-M	163	67.389	46.302
M-Q-N	166	56.159	35.063
M-Q-P	198	75.325	48.337
M-Q-Q	184	56.623	54.463
M-Q-R	160	63.245	41.539
M-Q-S	170	69.763	48.635
M-Q-T	191	45.608	44.610
M-Q-V	178	71.245	37.534
M-Q-W	172	40.597	44.919
M-Q-Y	166	62.315	46.619
N-Q-A	182	61.632	48.444
N-Q-C	170	56.269	53.475
N-Q-D	207	75.036	42.582
N-Q-E	209	87.141	52.391
N-Q-F	163	66.882	42.897
N-Q-G	197	63.349	48.535
N-Q-H	181	73.110	44.309
N-Q-I	186	51.839	42.162
N-Q-K	203	74.332	55.180
N-Q-L	227	72.455	45.264
N-Q-M	163	83.375	43.486
N-Q-N	213	91.240	47.766
N-Q-P	203	58.806	40.215
N-Q-Q	198	73.654	43.533
N-Q-R	186	69.073	52.265
N-Q-S	200	66.897	42.283
N-Q-T	199	82.588	39.312
N-Q-V	197	62.896	49.060
N-Q-W	138	59.006	39.338
N-Q-X	218	115.80	54.714
N-Q-Y	206	59.348	45.800
P-Q-A	208	80.680	52.330
P-Q-C	185	62.765	54.125
P-Q-D	197	101.90	45.464
P-Q-E	201	78.794	42.355
P-Q-F	201	70.879	48.739
P-Q-G	212	97.884	51.019
P-Q-H	181	87.972	48.485
P-Q-I	197	88.859	50.285
P-Q-K	200	90.906	55.417
P-Q-L	206	76.156	45.807
P-Q-M	201	53.510	42.824
P-Q-N	214	78.199	48.435
P-Q-P	189	79.511	51.820
P-Q-Q	196	88.949	53.690
P-Q-R	217	77.064	52.184
P-Q-S	203	91.056	50.264
P-Q-T	214	77.437	49.438
P-Q-V	207	75.743	49.864
P-Q-W	200	83.898	49.463
P-Q-X	264	188.77	62.273
P-Q-Y	203	77.316	50.248
Q-Q-A	196	61.317	47.091
Q-Q-C	168	55.198	44.552
Q-Q-D	211	100.74	54.158
Q-Q-E	199	91.869	46.605
Q-Q-F	193	55.311	47.829
Q-Q-G	210	78.720	50.696
Q-Q-H	181	74.210	43.287
Q-Q-I	171	60.670	43.046
Q-Q-K	198	75.583	46.263
Q-Q-L	182	60.424	44.205
Q-Q-M	184	71.403	50.561
Q-Q-N	187	76.398	43.598
Q-Q-P	192	69.151	52.265
Q-Q-Q	196	76.903	55.275
Q-Q-R	179	53.320	45.907
Q-Q-S	192	59.448	47.544
Q-Q-T	199	76.820	48.439
Q-Q-V	173	66.476	41.157
Q-Q-W	195	64.750	40.643
Q-Q-X	233	147.91	58.926
Q-Q-Y	189	55.301	45.808
R-Q-A	181	72.315	47.565
R-Q-C	179	45.364	33.996
R-Q-D	217	82.881	40.396
R-Q-E	201	84.448	45.138
R-Q-F	169	57.796	38.657
R-Q-G	210	81.820	50.426
R-Q-H	206	58.265	45.839
R-Q-I	184	61.250	45.774
R-Q-K	232	92.571	49.356
R-Q-L	202	66.246	44.614
R-Q-M	174	63.109	46.352
R-Q-N	205	95.531	48.396
R-Q-P	179	53.649	39.707
R-Q-Q	204	81.336	50.777
R-Q-R	206	81.015	50.248
R-Q-S	210	65.411	55.426
R-Q-T	199	69.841	49.538
R-Q-V	209	59.972	46.662
R-Q-W	184	48.788	42.051
R-Q-X	251	135.08	77.648
R-Q-Y	181	66.311	43.824
S-Q-A	211	70.684	52.864
S-Q-C	171	60.964	41.440
S-Q-D	206	87.945	49.654
S-Q-E	214	80.005	47.178
S-Q-F	178	60.890	45.546
S-Q-G	198	80.786	50.408
S-Q-H	194	89.666	35.600
S-Q-I	206	54.348	45.476
S-Q-K	203	55.243	42.733
S-Q-L	215	65.333	45.918
S-Q-M	184	48.833	41.683
S-Q-N	202	93.679	47.021
S-Q-P	173	65.707	49.924
S-Q-Q	198	82.207	55.347
S-Q-R	210	75.293	47.165
S-Q-S	205	74.492	47.801
S-Q-T	208	72.101	49.764
S-Q-V	202	65.127	47.517
S-Q-W	198	76.859	33.417
S-Q-X	238	132.41	70.625
S-Q-Y	186	76.984	45.770
T-Q-A	208	73.734	50.339
T-Q-C	173	85.372	42.150
T-Q-D	201	89.385	59.658
T-Q-E	193	69.230	51.433
T-Q-F	188	55.198	44.348
T-Q-G	199	74.847	56.225
T-Q-H	201	49.780	45.168
T-Q-I	174	61.813	41.513
T-Q-K	205	75.780	54.328
T-Q-L	188	59.357	43.862
T-Q-M	177	65.770	56.032
T-Q-N	206	77.013	49.479
T-Q-P	191	63.736	48.389
T-Q-Q	182	71.377	42.414
T-Q-R	210	59.698	40.388
T-Q-S	197	59.517	52.963
T-Q-T	184	61.281	45.809
T-Q-V	181	61.204	45.825
T-Q-W	188	57.336	47.781
T-Q-X	250	130.24	51.172
T-Q-Y	182	57.742	52.692
V-Q-A	190	65.577	46.098
V-Q-C	184	49.139	43.479
V-Q-D	186	69.794	43.490
V-Q-E	189	54.350	47.959
V-Q-F	197	50.314	42.267
V-Q-G	201	69.900	48.780
V-Q-H	187	66.341	43.689
V-Q-I	193	49.026	45.609
V-Q-K	177	71.445	44.949
V-Q-L	186	67.815	46.135
V-Q-M	187	44.214	41.194
V-Q-N	204	74.756	53.320
V-Q-P	173	63.433	45.350
V-Q-Q	181	79.222	46.265
V-Q-R	180	61.303	42.807
V-Q-S	197	61.766	45.031
V-Q-T	200	59.877	40.323
V-Q-V	186	48.715	42.583
V-Q-W	179	64.554	42.613
V-Q-X	235	141.73	58.242
V-Q-Y	159	47.264	44.483
W-Q-A	181	65.177	48.923
W-Q-C	167	65.579	49.357
W-Q-D	172	59.296	42.972
W-Q-E	186	87.690	53.533
W-Q-F	180	35.124	25.229
W-Q-G	188	73.586	43.593
W-Q-H	157	65.457	34.509
W-Q-I	169	40.042	38.536
W-Q-K	182	42.209	40.928
W-Q-L	183	82.399	52.962
W-Q-M	135	17.677	26.025
W-Q-N	154	65.319	46.134
W-Q-P	167	58.520	45.203
W-Q-Q	158	64.215	41.786
W-Q-R	187	90.503	49.571
W-Q-S	175	52.805	51.166
W-Q-T	169	58.340	38.589
W-Q-V	155	20.086	32.142
W-Q-W	174	58.954	39.509
W-Q-X	204	131.06	54.349
W-Q-Y	170	57.874	39.078
X-Q-A	245	130.42	66.092
X-Q-C	208	140.21	43.204
X-Q-D	257	146	57.935
X-Q-E	252	140.59	53.371
X-Q-F	241	134.28	62.974
X-Q-G	267	145.20	62.895
X-Q-I	251	135.27	68.387
X-Q-K	250	100.51	63.740
X-Q-L	249	138.16	74.675
X-Q-N	232	108.93	66.794
X-Q-P	234	132.13	63.283
X-Q-Q	258	127.78	54.952
X-Q-R	224	123.37	69.625
X-Q-S	252	146.54	56.743
X-Q-T	238	129.31	62.843
X-Q-V	259	144.95	65.632
X-Q-X	254	94.360	60.652
X-Q-Y	246	116.37	74.842
Y-Q-A	176	73.728	47.468
Y-Q-C	138	52.516	36.683
Y-Q-D	177	69.101	44.669
Y-Q-E	197	64.124	43.227
Y-Q-F	175	42.948	33.608
Y-Q-G	202	74.581	56.116
Y-Q-H	159	55.474	41.415
Y-Q-I	169	37.278	42.077
Y-Q-K	167	50.527	44.344
Y-Q-L	180	58.349	42.148
Y-Q-M	197	39.304	53.161
Y-Q-N	184	66.387	45.312
Y-Q-P	179	57.043	48.566
Y-Q-Q	174	44.340	45.560
Y-Q-R	184	57.532	46.097
Y-Q-S	194	66.967	46.282
Y-Q-T	183	57.059	44.107
Y-Q-V	184	40.815	45.965
Y-Q-W	131	46.215	38.185
Y-Q-X	218	145.95	52.697
Y-Q-Y	169	57.864	44.709
