A-D-A	165	65.550	40.293
A-D-C	154	59.854	35.217
A-D-D	184	66.343	46.193
A-D-E	170	65.586	39.646
A-D-F	165	56.422	45.248
A-D-G	184	78.193	45.619
A-D-H	170	59.040	42.779
A-D-I	176	52.067	39.356
A-D-K	182	65.202	44.772
A-D-L	165	52.532	39.451
A-D-M	161	52.809	33.307
A-D-N	184	79.833	45.176
A-D-P	159	49.808	34.568
A-D-Q	169	68.619	44.328
A-D-R	184	62.800	45.594
A-D-S	170	70.672	45.386
A-D-T	180	57.765	42.567
A-D-V	176	61.461	38.546
A-D-W	156	49.152	44.620
A-D-X	238	97.689	59.719
A-D-Y	166	51.359	37.377
C-D-A	151	49.657	44.425
C-D-C	150	51.076	41.204
C-D-D	182	58.652	43.017
C-D-E	164	54.887	33.300
C-D-F	144	46.338	37.153
C-D-G	174	64.018	49.509
C-D-H	141	43.790	33.852
C-D-I	163	55.264	42.808
C-D-K	174	59.957	36.598
C-D-L	157	57.005	40.352
C-D-M	95	43.436	31.742
C-D-N	155	52.637	41.798
C-D-P	133	28.058	26.988
C-D-Q	162	71.682	36.258
C-D-R	160	29.593	36.364
C-D-S	164	58.797	45.355
C-D-T	140	58.596	40.390
C-D-V	170	35.925	32.747
C-D-W	143	40.150	35.755
C-D-X	216	127.93	57.402
C-D-Y	159	61.994	35.272
D-D-A	175	72.217	43.680
D-D-C	176	63.687	40.671
D-D-D	187	73.093	45.459
D-D-E	178	71.874	42.109
D-D-F	172	64.053	38.323
D-D-G	179	76.005	40.968
D-D-H	162	60.539	46.329
D-D-I	160	49.280	41.473
D-D-K	175	81.398	45.349
D-D-L	173	58.906	37.729
D-D-M	171	57.285	35.617
D-D-N	173	71.002	46.174
D-D-P	155	49.537	28.052
D-D-Q	181	72.001	54.742
D-D-R	179	69.755	42.039
D-D-S	183	61.856	46.094
D-D-T	177	66.114	39.449
D-D-V	177	59.829	41.199
D-D-W	175	65.899	43.507
D-D-X	218	101.43	48.387
D-D-Y	164	58.664	42.926
E-D-A	181	57.247	40.538
E-D-C	162	61.024	31.815
E-D-D	182	77.530	43.491
E-D-E	179	73.375	43.270
E-D-F	167	50.245	42.510
E-D-G	186	83.743	41.755
E-D-H	168	67.629	43.043
E-D-I	168	56.796	38.929
E-D-K	180	64.840	45.723
E-D-L	166	57.632	37.489
E-D-M	153	50.103	36.735
E-D-N	174	71.089	47.500
E-D-P	166	47.647	34.212
E-D-Q	172	63.060	48.462
E-D-R	169	68.619	42.560
E-D-S	170	57.862	46.862
E-D-T	173	58.550	46.514
E-D-V	199	55.238	40.724
E-D-W	155	63.902	38.250
E-D-X	234	132.37	55.663
E-D-Y	170	60.156	38.068
F-D-A	166	52.590	37.992
F-D-C	155	39.651	39.994
F-D-D	176	62.527	40.609
F-D-E	172	62.677	39.783
F-D-F	166	60.726	41.962
F-D-G	179	52.256	40.368
F-D-H	161	54.465	41.082
F-D-I	171	45.251	35.610
F-D-K	167	55.442	40.768
F-D-L	159	53.715	36.633
F-D-M	164	48.909	34.357
F-D-N	168	58.761	40.925
F-D-P	147	43.160	31.961
F-D-Q	165	54.438	35.067
F-D-R	147	66.335	41.615
F-D-S	175	51.102	40.345
F-D-T	169	45.995	41.888
F-D-V	171	44.246	38.931
F-D-W	168	62.303	48.634
F-D-X	215	89.398	53.603
F-D-Y	168	53.709	37.178
G-D-A	183	59.377	45.067
G-D-C	172	58.161	40.592
G-D-D	184	69.688	50.166
G-D-E	184	69.373	48.586
G-D-F	179	54.071	36.663
G-D-G	186	72.626	49.040
G-D-H	175	60.538	53.542
G-D-I	177	55.216	40.283
G-D-K	185	82.182	48.932
G-D-L	182	58.153	45.180
G-D-M	179	41.905	38.955
G-D-N	178	62.763	49.389
G-D-P	162	40.599	34.662
G-D-Q	184	63.758	41.488
G-D-R	180	69.375	41.189
G-D-S	186	45.053	48.841
G-D-T	185	56.060	47.192
G-D-V	180	53.629	39.738
G-D-W	177	62.981	46.702
G-D-X	229	102.88	60.849
G-D-Y	177	58.617	42.620
H-D-A	147	51.540	41.734
H-D-C	173	39.111	36.169
H-D-D	169	62.128	46.109
H-D-E	157	62.161	43.004
H-D-F	169	45.959	38.216
H-D-G	178	59.418	44.500
H-D-H	151	44.901	43.781
H-D-I	167	62.326	43.910
H-D-K	159	66.041	39.777
H-D-L	165	48.267	38.376
H-D-M	138	53.697	30.554
H-D-N	168	59.725	40.006
H-D-P	130	38.018	27.460
H-D-Q	157	50.467	46.488
H-D-R	142	45.036	35.777
H-D-S	171	57.670	42.195
H-D-T	162	36.132	42.016
H-D-V	171	52.276	38.178
H-D-W	136	48.231	37.850
H-D-X	221	141.66	47.690
H-D-Y	158	44.158	39.702
I-D-A	171	52.429	36.766
I-D-C	153	51.776	39.322
I-D-D	167	62.809	41.982
I-D-E	169	51.793	38.406
I-D-F	153	49.514	38.384
I-D-G	182	58.317	44.415
I-D-H	156	44.197	41.905
I-D-I	171	44.672	36.236
I-D-K	165	61.995	38.400
I-D-L	160	46.141	36.956
I-D-M	150	41.783	36.158
I-D-N	174	58.141	41.350
I-D-P	167	42.424	30.998
I-D-Q	170	59.291	38.365
I-D-R	155	55.264	36.268
I-D-S	175	61.227	44.983
I-D-T	161	50.445	37.232
I-D-V	166	45.850	40.637
I-D-W	145	52.331	40.601
I-D-X	212	101.97	62.040
I-D-Y	162	56.375	36.629
K-D-A	172	72.341	41.110
K-D-C	173	77.133	43.075
K-D-D	183	88.591	47.103
K-D-E	172	85.066	40.583
K-D-F	163	81.106	39.237
K-D-G	178	91.925	40.747
K-D-H	164	80.787	44.327
K-D-I	174	65.940	40.940
K-D-K	182	80.649	45.530
K-D-L	174	67.104	40.649
K-D-M	165	79.488	45.277
K-D-N	172	74.133	48.628
K-D-P	159	52.574	33.627
K-D-Q	165	80.832	42.936
K-D-R	173	79.584	41.691
K-D-S	180	67.585	48.221
K-D-T	175	64.842	38.740
K-D-V	176	71.707	38.374
K-D-W	169	73.624	32.862
K-D-X	237	147.19	53.072
K-D-Y	167	69.791	35.548
L-D-A	170	57.563	41.960
L-D-C	164	49.297	41.495
L-D-D	181	70.129	42.346
L-D-E	179	63.912	41.046
L-D-F	158	42.709	35.429
L-D-G	182	62.498	43.545
L-D-H	167	58.369	41.571
L-D-I	176	53.123	40.570
L-D-K	177	64.302	40.700
L-D-L	169	56.190	41.524
L-D-M	163	51.697	37.671
L-D-N	182	71.812	44.560
L-D-P	163	47.333	32.545
L-D-Q	166	65.649	39.064
L-D-R	182	55.754	39.160
L-D-S	183	62.093	47.849
L-D-T	159	47.447	41.390
L-D-V	175	50.444	40.468
L-D-W	162	64.947	39.860
L-D-X	232	124.57	64.603
L-D-Y	164	57.892	37.037
M-D-A	171	58.032	36.878
M-D-C	178	80.752	52.218
M-D-D	169	77.907	38.895
M-D-E	167	56.943	41.414
M-D-F	159	44.770	33.910
M-D-G	167	57.828	38.202
M-D-H	145	54.875	35.620
M-D-I	169	54.465	45.849
M-D-K	160	67.191	36.330
M-D-L	171	69.310	50.440
M-D-M	164	37.130	43.164
M-D-N	168	75.041	41.422
M-D-P	147	42.696	30.732
M-D-Q	157	70.565	50.626
M-D-R	157	56.384	35.252
M-D-S	165	38.404	38.271
M-D-T	168	51.488	46.634
M-D-V	170	50.997	36.172
M-D-W	145	69.823	39.770
M-D-X	206	134.53	51.660
M-D-Y	162	48.909	33.676
N-D-A	188	69.195	49.267
N-D-C	169	49.916	46.554
N-D-D	183	78.934	46.281
N-D-E	181	63.690	43.493
N-D-F	170	62.145	38.721
N-D-G	179	56.079	39.454
N-D-H	164	47.197	37.895
N-D-I	163	37.182	41.893
N-D-K	179	71.840	40.674
N-D-L	172	53.349	34.812
N-D-M	162	43.430	37.551
N-D-N	183	62.633	40.398
N-D-P	145	40.212	30.892
N-D-Q	175	55.074	45.314
N-D-R	174	60.055	42.821
N-D-S	174	72.428	47.000
N-D-T	164	59.050	47.529
N-D-V	171	51.237	40.852
N-D-W	159	60.048	41.981
N-D-X	211	103.75	49.205
N-D-Y	167	55.968	38.914
P-D-A	180	85.473	44.689
P-D-C	174	93.805	43.719
P-D-D	176	95.376	44.714
P-D-E	179	87.986	40.950
P-D-F	168	66.969	44.163
P-D-G	178	82.153	44.569
P-D-H	176	73.334	48.965
P-D-I	173	70.748	44.213
P-D-K	169	84.402	41.286
P-D-L	178	71.207	44.375
P-D-M	169	63.326	41.542
P-D-N	179	88.137	47.672
P-D-P	156	50.781	33.879
P-D-Q	167	82.929	39.490
P-D-R	169	69.677	44.382
P-D-S	176	80.914	45.446
P-D-T	182	84.836	49.222
P-D-V	175	67.085	39.240
P-D-W	167	66.288	37.490
P-D-X	232	145.90	54.937
P-D-Y	175	79.146	41.970
Q-D-A	165	51.178	45.019
Q-D-C	159	47.581	38.027
Q-D-D	183	71.575	44.503
Q-D-E	170	74.877	40.594
Q-D-F	161	65.705	42.959
Q-D-G	178	84.042	44.704
Q-D-H	175	54.557	46.367
Q-D-I	162	50.785	39.607
Q-D-K	162	75.426	37.334
Q-D-L	164	55.793	39.699
Q-D-M	155	54.163	43.997
Q-D-N	178	65.169	43.609
Q-D-P	166	49.570	33.526
Q-D-Q	174	77.996	43.743
Q-D-R	176	66.111	44.759
Q-D-S	178	55.376	40.898
Q-D-T	163	64.581	41.019
Q-D-V	172	53.613	37.645
Q-D-W	148	55.278	34.782
Q-D-X	214	104.98	59.971
Q-D-Y	168	68.352	41.691
R-D-A	167	63.381	37.951
R-D-C	169	75.448	46.729
R-D-D	181	84.836	45.224
R-D-E	173	70.596	44.512
R-D-F	173	62.766	41.432
R-D-G	190	75.828	43.347
R-D-H	157	61.785	38.354
R-D-I	172	49.522	38.774
R-D-K	175	66.070	48.067
R-D-L	168	56.063	40.428
R-D-M	156	59.728	37.110
R-D-N	177	64.412	42.346
R-D-P	166	44.242	31.043
R-D-Q	168	57.245	40.840
R-D-R	164	56.707	46.381
R-D-S	168	58.591	42.547
R-D-T	174	54.422	45.408
R-D-V	164	63.832	37.880
R-D-W	150	48.983	42.824
R-D-X	242	110.91	61.555
R-D-Y	171	67.877	48.548
S-D-A	180	69.557	39.672
S-D-C	151	66.915	41.560
S-D-D	184	77.357	47.603
S-D-E	185	79.911	42.336
S-D-F	181	57.036	44.187
S-D-G	178	74.895	43.079
S-D-H	181	69.243	50.366
S-D-I	175	61.382	43.645
S-D-K	181	78.272	43.300
S-D-L	175	58.062	38.378
S-D-M	173	49.302	37.486
S-D-N	181	73.445	49.076
S-D-P	171	49.197	33.560
S-D-Q	166	68.035	47.146
S-D-R	176	61.296	43.750
S-D-S	175	69.812	41.396
S-D-T	182	69.579	42.947
S-D-V	173	59.013	40.174
S-D-W	170	54.780	41.538
S-D-X	217	103.82	59.687
S-D-Y	174	60.719	38.195
T-D-A	187	60.209	44.139
T-D-C	170	48.750	35.157
T-D-D	183	78.321	44.728
T-D-E	180	68.643	42.289
T-D-F	150	60.850	34.989
T-D-G	185	68.180	41.972
T-D-H	168	54.512	45.577
T-D-I	171	53.608	41.703
T-D-K	177	73.334	44.217
T-D-L	171	59.201	37.929
T-D-M	157	51.689	38.584
T-D-N	178	70.780	44.192
T-D-P	170	47.585	34.671
T-D-Q	172	71.452	38.857
T-D-R	177	62.267	44.589
T-D-S	183	58.133	43.219
T-D-T	187	54.350	45.007
T-D-V	172	60.177	43.440
T-D-W	164	62.369	43.199
T-D-X	223	107.88	70.398
T-D-Y	178	46.789	36.039
V-D-A	173	53.288	40.153
V-D-C	140	57.629	38.158
V-D-D	173	67.557	44.214
V-D-E	164	62.188	37.109
V-D-F	162	46.904	32.571
V-D-G	173	65.953	47.016
V-D-H	165	47.113	37.710
V-D-I	160	45.560	36.784
V-D-K	165	64.295	34.867
V-D-L	165	47.022	36.007
V-D-M	168	38.091	34.221
V-D-N	169	62.297	41.142
V-D-P	145	36.824	34.780
V-D-Q	172	56.059	41.553
V-D-R	178	57.924	33.715
V-D-S	172	49.585	40.435
V-D-T	166	57.146	41.278
V-D-V	166	44.309	38.711
V-D-W	161	45.514	35.050
V-D-X	225	113.04	62.882
V-D-Y	173	58.276	38.055
W-D-A	132	74.284	33.826
W-D-D	172	62.566	37.497
W-D-E	149	75.176	40.938
W-D-F	154	38.460	42.656
W-D-G	165	76.241	38.428
W-D-H	130	43.992	37.867
W-D-I	154	41.345	35.985
W-D-K	163	85.321	50.445
W-D-L	165	46.223	41.897
W-D-M	149	32.254	35.585
W-D-N	162	56.368	41.058
W-D-P	142	55.138	31.977
W-D-Q	154	49.980	39.804
W-D-R	147	70.931	30.156
W-D-S	166	54.053	39.213
W-D-T	152	39.948	35.040
W-D-V	169	34.502	35.662
W-D-W	128	38.095	33.610
W-D-Y	157	39.222	40.399
X-D-A	222	106.61	53.961
X-D-C	216	143.87	60.325
X-D-D	214	83.139	67.574
X-D-E	221	100.76	54.657
X-D-F	211	121.02	37.304
X-D-G	210	113.77	57.894
X-D-H	186	109.09	26.999
X-D-I	218	118.03	36.118
X-D-K	214	118.16	53.453
X-D-L	225	106.88	58.284
X-D-N	214	116.18	53.712
X-D-P	211	111.31	47.663
X-D-Q	223	112.79	49.235
X-D-R	219	110.83	59.261
X-D-S	224	114.28	50.652
X-D-T	208	96.576	58.198
X-D-V	223	138.65	51.216
X-D-W	227	105.84	53.391
X-D-X	211	73.311	60.983
X-D-Y	199	73.968	63.114
Y-D-A	173	45.558	35.377
Y-D-C	155	55.819	36.758
Y-D-D	183	66.604	43.905
Y-D-E	179	65.407	35.857
Y-D-F	164	58.383	40.211
Y-D-G	171	55.021	40.461
Y-D-H	156	59.469	39.927
Y-D-I	162	46.710	41.384
Y-D-K	180	63.082	39.567
Y-D-L	159	47.816	39.289
Y-D-M	125	46.059	32.474
Y-D-N	177	46.280	36.030
Y-D-P	158	42.093	31.039
Y-D-Q	151	63.179	33.920
Y-D-R	156	62.590	37.339
Y-D-S	163	49.444	39.060
Y-D-T	170	50.815	44.348
Y-D-V	174	47.041	40.687
Y-D-W	153	53.066	37.562
Y-D-X	200	117.06	64.221
Y-D-Y	162	60.910	38.414
